       0/9     4.89G   0.08236   0.04826   0.07377    0.2044        19       416         0         0         0         0         0         0         0
       1/9     4.98G   0.04961   0.03921   0.07037    0.1592        15       416         0         0         0         0         0         0         0
       2/9     4.98G   0.04406   0.03215    0.0654    0.1416        19       416         0         0         0         0         0         0         0
       3/9     4.98G   0.03991   0.02945   0.05612    0.1255        11       416         0         0         0         0         0         0         0
       4/9     4.98G   0.03714   0.02802   0.04766    0.1128        13       416         0         0         0         0         0         0         0
       5/9     4.98G   0.04084   0.02667   0.03964    0.1071        12       416         0         0         0         0         0         0         0
       6/9     4.98G   0.03906    0.0261   0.03326   0.09842         6       416         0         0         0         0         0         0         0
       7/9     4.98G    0.0344   0.02495   0.02832   0.08767         6       416         0         0         0         0         0         0         0
       8/9     4.98G   0.03107   0.02484   0.02449    0.0804        13       416         0         0         0         0         0         0         0
       9/9     4.98G   0.02718    0.0237   0.02194   0.07282        18       416    0.7529    0.8798     0.881    0.6614   0.02063  0.009383   0.01967
       0/9     4.96G   0.08267   0.04768   0.07671     0.207        19       416         0         0         0         0         0         0         0
       1/9     4.96G   0.05069   0.03928   0.07288    0.1629        15       416         0         0         0         0         0         0         0
       2/9     4.96G   0.04466   0.03217   0.06693    0.1438        21       416         0         0         0         0         0         0         0
       3/9     4.96G   0.04128   0.02937   0.05713    0.1278        11       416         0         0         0         0         0         0         0
       4/9     4.96G   0.03842   0.02788   0.04798    0.1143        13       416         0         0         0         0         0         0         0
       5/9     4.96G   0.04248   0.02651   0.03976    0.1087        12       416         0         0         0         0         0         0         0
       6/9     4.96G      0.04   0.02596   0.03313   0.09908         6       416         0         0         0         0         0         0         0
       7/9     4.96G   0.03498   0.02482   0.02804   0.08784         6       416         0         0         0         0         0         0         0
       8/9     4.96G   0.03243   0.02485   0.02393   0.08121        13       416         0         0         0         0         0         0         0
       9/9     4.96G   0.02843    0.0236   0.02086   0.07288        18       416    0.7862    0.8902     0.924    0.6613   0.02248  0.009624   0.01737
       0/9     4.89G   0.08978   0.04022   0.07377    0.2038        19       416         0         0         0         0         0         0         0
       1/9     4.89G   0.05503   0.03606   0.07033    0.1614        15       416         0         0         0         0         0         0         0
       2/9     4.89G   0.04872   0.02899    0.0664    0.1441        21       416         0         0         0         0         0         0         0
       3/9     4.89G   0.04459   0.02593   0.05867    0.1292        11       416         0         0         0         0         0         0         0
       4/9     4.89G   0.04095   0.02425   0.05162    0.1168        13       416         0         0         0         0         0         0         0
       5/9     4.89G   0.04498   0.02316   0.04503    0.1132        12       416         0         0         0         0         0         0         0
       6/9     4.89G    0.0442   0.02256   0.03895    0.1057         6       416         0         0         0         0         0         0         0
       7/9     4.89G   0.03817    0.0215   0.03285   0.09252         6       416         0         0         0         0         0         0         0
       8/9     4.89G   0.03455   0.02153   0.02832   0.08439        13       416         0         0         0         0         0         0         0
       9/9     4.89G   0.03177   0.02045   0.02587   0.07809        18       416    0.5993     0.916    0.8392    0.6185   0.02283  0.008208   0.02443
       0/9     4.89G   0.08234   0.04821   0.07573    0.2063        21       416         0         0         0         0         0         0         0
       1/9     4.89G   0.05069   0.03932    0.0719    0.1619        15       416         0         0         0         0         0         0         0
       2/9     4.89G   0.04479   0.03243   0.06561    0.1428        21       416         0         0         0         0         0         0         0
       3/9     4.89G   0.04085   0.02955   0.05581    0.1262        11       416         0         0         0         0         0         0         0
       4/9     4.89G   0.03764    0.0281   0.04673    0.1125        13       416         0         0         0         0         0         0         0
       5/9     4.89G   0.04206   0.02689   0.03855    0.1075        13       416         0         0         0         0         0         0         0
       6/9     4.89G   0.03987   0.02616   0.03236   0.09839         6       416         0         0         0         0         0         0         0
       7/9     4.89G   0.03459   0.02508   0.02767   0.08734         6       416         0         0         0         0         0         0         0
       8/9     4.89G   0.03059   0.02504   0.02367    0.0793        13       416         0         0         0         0         0         0         0
       9/9     4.89G   0.02855   0.02387   0.02086   0.07329        19       416    0.7509    0.8946    0.9026    0.6377   0.02244  0.009786   0.01816
