      0/99    0.843G   0.08796   0.03064   0.07652    0.1951        19       416   0.03555    0.1884   0.04081   0.01062   0.05187   0.01875   0.07035
      1/99     3.03G   0.05345   0.02919   0.07106    0.1537        13       416   0.08276    0.4726    0.1021   0.05533   0.03447   0.01194   0.06559
      2/99     3.34G   0.04502   0.02234   0.06746    0.1348        15       416    0.2008    0.3611    0.2278    0.1006   0.03858   0.00904     0.058
      3/99     3.34G   0.04246   0.01987   0.05992    0.1222         9       416    0.4494    0.3898    0.3345     0.138   0.03795   0.00832   0.04623
      4/99     3.34G   0.04088   0.01833   0.05101    0.1102        15       416    0.2814     0.625    0.5096    0.2409   0.03369  0.007621   0.03705
      5/99     3.34G   0.04078   0.01665   0.04271    0.1001        16       416    0.3681    0.6937    0.5813    0.3444   0.03465  0.007656   0.02991
      6/99     3.34G   0.03954   0.01628   0.03434   0.09016        17       416    0.5706    0.7535    0.7171    0.4263   0.03236  0.007026   0.02174
      7/99     3.34G   0.04613   0.01652   0.02801   0.09066        22       416    0.5491    0.8442    0.7431    0.4035   0.04154  0.006777   0.01674
      8/99     3.34G   0.04639   0.01639   0.02364   0.08643        20       416     0.689    0.8394    0.8445    0.5292   0.03037  0.007024   0.01492
      9/99     3.34G   0.04254   0.01595   0.02022   0.07871        18       416    0.7133    0.7288    0.7789    0.4648   0.03544  0.008543   0.01559
     10/99     3.34G   0.04214   0.01603   0.01762   0.07579        16       416    0.6789    0.6652    0.7008    0.4103   0.03863   0.00893   0.02297
     11/99     3.34G   0.04013   0.01618    0.0157   0.07201        22       416    0.8043    0.8321    0.8799    0.4919   0.03484  0.007893    0.0124
     12/99     3.34G    0.0395   0.01663    0.0152   0.07133        21       416    0.8297    0.7601    0.8522     0.574   0.03175  0.007736   0.01395
     13/99     3.34G   0.03842   0.01621   0.01421   0.06885        18       416    0.8327    0.8399    0.9019    0.5837   0.03205  0.008525  0.008615
     14/99     3.34G   0.03727   0.01651   0.01431   0.06809        20       416     0.861    0.8023     0.902    0.5815   0.03086   0.00912  0.009542
     15/99     3.34G   0.03626   0.01756   0.01432   0.06813        19       416    0.8654      0.83    0.9063    0.5969   0.02949  0.008365  0.008496
     16/99     3.34G   0.03494    0.0165   0.01405   0.06549        13       416    0.8976    0.8299    0.9037    0.6083   0.02823  0.008082   0.01398
     17/99     3.34G   0.03386   0.01626   0.01317   0.06329        11       416    0.8623    0.7193    0.8371    0.5741   0.02826   0.00866   0.01651
     18/99     3.34G   0.03326   0.01613   0.01164   0.06103        16       416    0.9376    0.8983    0.9474    0.6838   0.02728  0.007716  0.004781
     19/99     3.34G   0.03208   0.01579   0.01063    0.0585        20       416    0.9633    0.9148    0.9667    0.7143   0.02456  0.006813  0.003908
     20/99     3.34G    0.0321   0.01572   0.01048   0.05831        19       416    0.8756    0.8089    0.8918    0.6137   0.02738   0.00848   0.01217
     21/99     3.34G   0.03128   0.01598  0.009676   0.05693        19       416    0.8997    0.8894    0.9401    0.6968   0.02433  0.007083  0.004497
     22/99     3.34G   0.03076   0.01527  0.009459   0.05549        14       416    0.9595     0.921    0.9577    0.7005    0.0245  0.006727  0.003178
     23/99     3.34G   0.03035   0.01467  0.009471    0.0545        11       416    0.9467     0.929    0.9661    0.7286   0.02289  0.006281  0.002526
     24/99     3.34G   0.02875   0.01487  0.007958   0.05158        19       416    0.9608    0.9496     0.972    0.7448   0.02183  0.006258  0.002457
     25/99     3.34G   0.02915   0.01444  0.007876   0.05146        11       416     0.938    0.9404    0.9691    0.7461   0.02268    0.0063  0.002643
     26/99     3.34G   0.02954    0.0147  0.007799   0.05203        18       416    0.9596      0.94    0.9718    0.7568    0.0215  0.005952  0.002681
     27/99     3.34G   0.02837   0.01492  0.007325   0.05061        25       416    0.9464    0.9427    0.9664     0.755   0.02081  0.006051  0.002557
     28/99     3.34G   0.02723   0.01363  0.006711   0.04757        13       416    0.9721    0.9522    0.9765    0.7692   0.02056  0.005701  0.002051
     29/99     3.34G   0.02704   0.01339  0.006454   0.04688        23       416    0.9644    0.9459    0.9733    0.7807   0.02028   0.00572  0.002063
     30/99     3.34G   0.02692   0.01396  0.006247   0.04713        23       416    0.9687    0.9368    0.9658    0.7301   0.02183  0.006125  0.002032
     31/99     3.34G   0.02639   0.01378  0.006159   0.04633        20       416    0.9829    0.9462    0.9743    0.7645   0.02058  0.005653  0.002004
     32/99     3.34G   0.02618   0.01331  0.006192   0.04568        15       416    0.9336     0.944    0.9654    0.7774   0.01937  0.005911  0.002066
     33/99     3.34G   0.02618   0.01367  0.006391   0.04624        21       416    0.9466    0.9496    0.9673    0.7656   0.02143  0.005784  0.002135
     34/99     3.34G   0.02626   0.01345  0.005768   0.04548         8       416    0.9798    0.9492    0.9775    0.8103   0.01821  0.005506  0.001719
     35/99     3.34G   0.02549   0.01354  0.005384   0.04441        18       416    0.9709     0.931    0.9764    0.7908    0.0189  0.005705  0.001944
     36/99     3.34G   0.02525   0.01337  0.005342   0.04396        15       416    0.9774    0.9547    0.9757    0.7913    0.0196  0.005395  0.001514
     37/99     3.34G   0.02465   0.01322  0.005641   0.04352        17       416     0.984    0.9491    0.9793    0.7983   0.01917  0.005289  0.001649
     38/99     3.34G     0.025   0.01343  0.005335   0.04376        27       416    0.9805    0.9566    0.9761    0.8067   0.01849  0.005184  0.001695
     39/99     3.34G   0.02415   0.01268  0.004625   0.04146        17       416    0.9855    0.9452    0.9767    0.8037   0.01856  0.005293   0.00163
     40/99     3.34G   0.02415   0.01319  0.004715   0.04206        25       416    0.9541    0.9638    0.9768    0.8111   0.01817  0.005228  0.001431
     41/99     3.34G   0.02388   0.01276  0.004696   0.04134        19       416    0.9826    0.9586    0.9821    0.8096   0.01751  0.005265  0.001512
     42/99     3.34G   0.02326   0.01215  0.004068   0.03947        10       416    0.9852    0.9618    0.9823    0.8197   0.01694  0.005098  0.001392
     43/99     3.34G   0.02322   0.01253  0.004432   0.04018        13       416    0.9817    0.9506    0.9783    0.8007    0.0182  0.005288  0.001946
     44/99     3.34G   0.02314   0.01266  0.005164   0.04097        17       416    0.9763    0.9605    0.9798     0.826   0.01709  0.005111  0.001346
     45/99     3.34G   0.02318   0.01262   0.00419   0.03999        16       416    0.9893    0.9589    0.9822    0.8243   0.01657  0.004933  0.001224
     46/99     3.34G   0.02263   0.01239  0.004031   0.03905        29       416    0.9866    0.9616    0.9825    0.8426   0.01617  0.004808  0.001191
     47/99     3.34G   0.02271   0.01216  0.004208   0.03907        23       416    0.9845    0.9649    0.9848    0.8334   0.01594  0.004828  0.001317
     48/99     3.34G   0.02179   0.01185  0.004009   0.03765        14       416    0.9872    0.9533     0.984    0.8351   0.01582  0.004922  0.001231
     49/99     3.34G   0.02254   0.01244  0.003875   0.03885        19       416    0.9706    0.9613    0.9821    0.8319   0.01618  0.004813  0.001398
     50/99     3.34G   0.02209   0.01192  0.004558   0.03857        15       416    0.9891    0.9516    0.9806    0.8281   0.01599  0.004974  0.001209
     51/99     3.34G   0.02177   0.01172  0.003534   0.03703        12       416    0.9868     0.958    0.9834    0.8305   0.01632  0.004833  0.001075
     52/99     3.34G   0.02123   0.01156  0.003853   0.03664        12       416    0.9881    0.9524    0.9805    0.8388   0.01609  0.004835  0.001188
     53/99     3.34G   0.02168   0.01189  0.003733   0.03731        15       416    0.9796    0.9674    0.9831    0.8363   0.01511  0.004679  0.001188
     54/99     3.34G   0.02107   0.01195   0.00361   0.03663        23       416    0.9904    0.9555      0.98    0.8416   0.01529  0.004669  0.001214
     55/99     3.34G   0.02077   0.01136  0.003409   0.03554        19       416    0.9852    0.9578    0.9836    0.8353   0.01574  0.004726  0.001164
     56/99     3.34G    0.0201   0.01126  0.003641     0.035        14       416    0.9779    0.9634    0.9843    0.8374   0.01521  0.004754  0.001048
     57/99     3.34G   0.02008   0.01167  0.003392   0.03515        16       416     0.988    0.9564    0.9789    0.8436   0.01535  0.004723   0.00103
     58/99     3.34G   0.02065    0.0117  0.004035   0.03639        21       416    0.9868    0.9551    0.9826    0.8438   0.01496   0.00474  0.001085
     59/99     3.34G   0.02026   0.01116  0.002947   0.03437        20       416    0.9711    0.9559    0.9782     0.849   0.01508  0.004598 0.0009529
     60/99     3.34G   0.01989    0.0113   0.00327   0.03446        12       416    0.9895    0.9617    0.9847    0.8574   0.01472  0.004578 0.0009195
     61/99     3.34G   0.01979   0.01109  0.003066   0.03395        12       416    0.9874    0.9596    0.9831    0.8551   0.01438  0.004483 0.0009497
     62/99     3.34G   0.01959    0.0113  0.002778   0.03366        16       416    0.9833    0.9664    0.9845    0.8577    0.0141  0.004491 0.0009593
     63/99     3.34G   0.01904   0.01091  0.002649    0.0326        13       416    0.9908    0.9618    0.9824    0.8615   0.01402  0.004406 0.0008968
     64/99     3.34G   0.01927   0.01065  0.002696   0.03262        19       416    0.9899    0.9646    0.9833    0.8666   0.01384  0.004379 0.0008369
     65/99     3.34G   0.01913   0.01126  0.002722   0.03311        17       416    0.9897    0.9678    0.9843    0.8613    0.0144  0.004442 0.0008693
     66/99     3.34G    0.0193   0.01104  0.002593   0.03293        12       416     0.989    0.9692    0.9861    0.8623    0.0138  0.004457 0.0008689
     67/99     3.34G   0.01858   0.01106  0.002335   0.03198        15       416     0.988    0.9732    0.9871    0.8663   0.01343  0.004329 0.0008133
     68/99     3.34G   0.01809   0.01094  0.002524   0.03156        19       416    0.9864    0.9708    0.9875    0.8621   0.01367  0.004333 0.0007678
     69/99     3.34G   0.01832   0.01084  0.002383   0.03154        20       416    0.9933    0.9636    0.9824    0.8666   0.01365  0.004271 0.0008191
     70/99     3.34G   0.01828   0.01065  0.002474    0.0314        16       416    0.9901    0.9653    0.9844    0.8762   0.01342  0.004169 0.0008087
     71/99     3.34G   0.01795    0.0105  0.002265   0.03071        19       416    0.9888    0.9683    0.9853    0.8764   0.01331   0.00423 0.0007309
     72/99     3.34G   0.01778   0.01043  0.002044   0.03025        21       416    0.9899    0.9681    0.9859     0.874   0.01358  0.004308 0.0007067
     73/99     3.34G   0.01776   0.01047     0.002   0.03023        20       416     0.991    0.9675    0.9869    0.8747   0.01314  0.004316 0.0006979
     74/99     3.34G   0.01781    0.0104   0.00191   0.03012        21       416    0.9927    0.9677    0.9877    0.8764   0.01296  0.004157 0.0007128
     75/99     3.34G   0.01751    0.0103  0.002502   0.03031        24       416    0.9905    0.9666    0.9865    0.8793   0.01275  0.004136 0.0007083
     76/99     3.34G   0.01746   0.01044  0.002191   0.03009        20       416    0.9927    0.9684    0.9863    0.8744   0.01318   0.00416 0.0006174
     77/99     3.34G   0.01736   0.01011  0.002224    0.0297        23       416     0.989     0.967    0.9871    0.8794    0.0131  0.004217 0.0006131
     78/99     3.34G   0.01704   0.01041  0.002201   0.02965        15       416    0.9874    0.9733    0.9866    0.8801   0.01314  0.004204 0.0005848
     79/99     3.34G   0.01727   0.01031  0.002252   0.02983        11       416    0.9883    0.9704    0.9852    0.8845   0.01285  0.004097 0.0005806
     80/99     3.34G   0.01655   0.00994  0.002147   0.02864        10       416    0.9865    0.9722    0.9866    0.8859   0.01266  0.004046 0.0006402
     81/99     3.34G   0.01675   0.01004  0.002148   0.02893        21       416    0.9898    0.9671    0.9863    0.8861   0.01301  0.004105 0.0005772
     82/99     3.34G   0.01678    0.0102  0.002108   0.02909        16       416    0.9926    0.9661    0.9845    0.8872   0.01264  0.004044 0.0005745
     83/99     3.34G   0.01646   0.01002  0.002144   0.02863        14       416    0.9927    0.9666    0.9857    0.8842   0.01275  0.004071 0.0005356
     84/99     3.34G   0.01624   0.01012  0.002192   0.02855        22       416     0.991    0.9654    0.9862    0.8874   0.01222  0.004065 0.0005628
     85/99     3.34G   0.01618  0.009801  0.001874   0.02786        18       416    0.9921      0.97    0.9883    0.8823   0.01234  0.004087 0.0005139
     86/99     3.34G   0.01633    0.0101   0.00192   0.02835        22       416    0.9899     0.967    0.9855     0.888   0.01251  0.004031 0.0005234
     87/99     3.34G   0.01619   0.00994  0.001757   0.02788         9       416     0.989    0.9703    0.9867    0.8905   0.01213  0.003953 0.0004924
     88/99     3.34G   0.01591  0.009837  0.001868   0.02762        14       416    0.9914    0.9687    0.9875    0.8906   0.01217   0.00401 0.0005099
     89/99     3.34G   0.01566  0.009458   0.00166   0.02677        18       416    0.9906    0.9681    0.9874    0.8908   0.01242  0.003989 0.0004863
     90/99     3.34G   0.01613  0.009737  0.001971   0.02784        27       416    0.9929    0.9674    0.9868    0.8929    0.0124   0.00395 0.0004911
     91/99     3.34G   0.01608   0.00995  0.001662   0.02769        18       416    0.9923    0.9706     0.988     0.891   0.01229  0.003913   0.00046
     92/99     3.34G   0.01584  0.009666   0.00181   0.02731        12       416    0.9925    0.9672    0.9871    0.8885   0.01217  0.003952 0.0004375
     93/99     3.34G   0.01619  0.009918  0.002149   0.02826        33       416    0.9938    0.9703    0.9877    0.8908   0.01218  0.003927 0.0004567
     94/99     3.34G   0.01556  0.009392  0.002088   0.02704        18       416    0.9924    0.9704    0.9881    0.8906   0.01212  0.003924 0.0004619
     95/99     3.34G   0.01573   0.00945  0.001579   0.02676        15       416    0.9923    0.9719    0.9877    0.8941   0.01199  0.003916 0.0004442
     96/99     3.34G   0.01519  0.009248  0.001636   0.02607        20       416    0.9944    0.9665    0.9878    0.8944   0.01198  0.003946 0.0004618
     97/99     3.34G    0.0155  0.009465  0.001343    0.0263        13       416    0.9905      0.97    0.9856     0.896   0.01184  0.003939 0.0004336
     98/99     3.34G    0.0157  0.009426  0.001656   0.02679        13       416    0.9918    0.9703    0.9887    0.8946   0.01193  0.003883  0.000432
     99/99     3.34G    0.0155  0.009523  0.001603   0.02663        16       416     0.989    0.9697    0.9862    0.8939   0.01176  0.003885 0.0004708
