      0/99    0.843G   0.08297   0.03301   0.07557    0.1915        12       416     0.113    0.2581   0.07835   0.02395   0.04306   0.01314   0.06579
      1/99     2.73G   0.05004   0.02726   0.06921    0.1465        15       416     0.084    0.4539    0.1658   0.06551   0.03264  0.007638   0.06175
      2/99     3.04G    0.0439   0.02156   0.06118    0.1266         8       416    0.2627    0.4614    0.3264    0.1523   0.02936  0.005744   0.04896
      3/99     3.04G   0.04179   0.01914   0.04956    0.1105         5       416    0.3067    0.6166    0.4594    0.2661   0.02679  0.004859   0.04063
      4/99     3.04G   0.04111   0.01754      0.04   0.09865         7       416    0.3486    0.7167    0.5597    0.2946   0.02975  0.004519   0.03301
      5/99     3.04G   0.04068    0.0172   0.02952    0.0874         8       416    0.3318    0.8114    0.5774    0.2151   0.03759  0.004914   0.02374
      6/99     3.04G   0.04831   0.01747   0.02436   0.09014         5       416    0.6146    0.8339    0.7608    0.5005    0.0246  0.004517   0.01875
      7/99     3.04G   0.04342   0.01646   0.02071    0.0806         4       416     0.612      0.88    0.8338    0.4769   0.02658  0.004317   0.01559
      8/99     3.04G   0.04174   0.01676     0.017   0.07549         7       416    0.7112    0.8699    0.8695    0.5194    0.0264  0.004377   0.01491
      9/99     3.04G   0.04009   0.01668   0.01595   0.07272         2       416    0.7577     0.809    0.8401    0.5435   0.02487  0.006082   0.01306
     10/99     3.04G    0.0394     0.017   0.01411   0.07052         7       416    0.7699    0.7083    0.7866    0.4788   0.02574  0.005775   0.01677
     11/99     3.04G   0.03848    0.0174   0.01464   0.07053         5       416    0.7594    0.6437    0.7356    0.4384   0.02836  0.009722   0.02889
     12/99     3.04G   0.03635   0.01758   0.01349   0.06742         4       416    0.8053    0.7203    0.8052    0.4825   0.02591  0.006621   0.01696
     13/99     3.04G   0.03543   0.01758   0.01259    0.0656         8       416    0.8409    0.8277    0.8925    0.5934   0.02371   0.00601   0.00944
     14/99     3.04G   0.03357    0.0167   0.01183   0.06211         8       416    0.8396    0.8701      0.92    0.6377   0.02297  0.005107  0.007142
     15/99     3.04G   0.03211   0.01651   0.01062   0.05923        13       416    0.8471    0.8152     0.879    0.5975   0.02224  0.005053   0.01091
     16/99     3.04G   0.03171   0.01648   0.01039   0.05858         9       416    0.9192    0.8534    0.9348    0.6326   0.02047  0.004965  0.006722
     17/99     3.04G   0.03093   0.01586  0.009071   0.05586         7       416    0.9347    0.9289    0.9676    0.7262   0.01803    0.0042  0.005229
     18/99     3.04G   0.03008   0.01565  0.008814   0.05454        13       416    0.8842    0.8664    0.9276    0.6763   0.01904  0.004616  0.008895
     19/99     3.04G   0.03051   0.01557  0.008619    0.0547        11       416    0.9171     0.933    0.9671    0.7299   0.01911  0.004168  0.004341
     20/99     3.04G   0.02961   0.01524  0.009056   0.05391         9       416     0.934    0.9257    0.9711    0.7324   0.01758  0.004263  0.004933
     21/99     3.04G   0.02876   0.01513  0.007582   0.05147        11       416    0.9455    0.9547    0.9689    0.7513   0.01823  0.003987  0.002881
     22/99     3.04G   0.02845   0.01501  0.007036    0.0505         7       416    0.9741    0.9333    0.9781    0.7272   0.01815  0.004027  0.002825
     23/99     3.04G   0.02783   0.01425  0.007164   0.04924         5       416    0.9596    0.9537    0.9812    0.7571   0.01717  0.004008  0.003329
     24/99     3.04G   0.02722   0.01467  0.006951   0.04884         5       416    0.9276    0.9643    0.9714    0.7491    0.0171  0.003904  0.003266
     25/99     3.04G   0.02696   0.01468   0.00604   0.04767         7       416    0.9279    0.9627    0.9846    0.7816   0.01594   0.00398  0.002451
     26/99     3.04G   0.02686    0.0145   0.00567   0.04703        14       416    0.9534    0.9679    0.9848    0.7888   0.01482  0.003534  0.002226
     27/99     3.04G   0.02606   0.01415  0.005739   0.04595         4       416     0.956    0.9673    0.9837    0.7786   0.01599  0.003618  0.002134
     28/99     3.04G   0.02559   0.01374  0.005318   0.04465         6       416    0.9587    0.9331    0.9806    0.7815   0.01619  0.003779  0.002622
     29/99     3.04G   0.02539   0.01372  0.005582   0.04469         5       416    0.9562    0.9432    0.9761    0.7843   0.01529   0.00369  0.002548
     30/99     3.04G   0.02486   0.01395    0.0054   0.04421        10       416    0.9627     0.944    0.9726    0.7938   0.01472  0.003573    0.0021
     31/99     3.04G   0.02533   0.01382  0.005462   0.04461         9       416    0.9597    0.9333    0.9682     0.779   0.01593  0.003748  0.008902
     32/99     3.04G   0.02497    0.0137  0.004701   0.04337         6       416    0.9594    0.9545    0.9852    0.7942   0.01501  0.003553   0.00243
     33/99     3.04G   0.02448   0.01384  0.004733   0.04306        15       416    0.9295    0.9515    0.9697    0.7836   0.01468  0.003621  0.004476
     34/99     3.04G   0.02422    0.0137  0.004583   0.04251        12       416    0.9776    0.9634    0.9887    0.8185   0.01331  0.003431  0.001703
     35/99     3.04G   0.02382   0.01326  0.004345   0.04142         9       416    0.9676      0.96    0.9841    0.8154   0.01456  0.003485  0.001557
     36/99     3.04G   0.02383   0.01333  0.005522   0.04268        14       416    0.9724    0.9602     0.987    0.8042   0.01418  0.003316  0.001722
     37/99     3.04G   0.02328   0.01297  0.004198   0.04045         3       416    0.9703    0.9563    0.9855    0.7995   0.01487  0.003344  0.002009
     38/99     3.04G   0.02315    0.0132  0.004073   0.04042         9       416    0.9526    0.9486    0.9825    0.8106   0.01401  0.003677  0.001363
     39/99     3.04G   0.02313   0.01287  0.005319   0.04131         7       416    0.9609    0.9664    0.9856    0.8194   0.01311  0.003335  0.001566
     40/99     3.04G   0.02248   0.01269  0.004067   0.03924        11       416    0.9698    0.9764    0.9882    0.8233   0.01281  0.003398  0.001564
     41/99     3.04G    0.0226   0.01283  0.004614   0.04005        14       416    0.9678    0.9782    0.9894     0.824   0.01388  0.003294  0.001552
     42/99     3.04G   0.02238   0.01231  0.003603   0.03829         8       416    0.9762    0.9745    0.9869    0.8254   0.01371  0.003311  0.001329
     43/99     3.04G   0.02197    0.0123  0.003845   0.03811         9       416    0.9793     0.975    0.9869    0.8229   0.01359  0.003408  0.001516
     44/99     3.04G     0.022   0.01289  0.004016    0.0389        12       416    0.9829    0.9686    0.9919    0.8373   0.01322  0.003123  0.001173
     45/99     3.04G   0.02152   0.01248   0.00357   0.03757        13       416    0.9691    0.9831    0.9898    0.8477   0.01256  0.003065  0.001108
     46/99     3.04G    0.0218   0.01249  0.004136   0.03843         8       416    0.9723    0.9783    0.9887    0.8378   0.01259   0.00322  0.002322
     47/99     3.04G   0.02172   0.01255  0.004017   0.03828        16       416    0.9728    0.9752      0.99    0.8463   0.01277  0.003181  0.001087
     48/99     3.04G    0.0209   0.01185  0.003758   0.03651         6       416    0.9751    0.9762    0.9865    0.8409   0.01218  0.003161  0.001128
     49/99     3.04G   0.02049   0.01183   0.00335   0.03567         5       416    0.9844    0.9765    0.9899    0.8549   0.01207  0.003046  0.001039
     50/99     3.04G   0.02065   0.01199  0.003141   0.03578         4       416    0.9629     0.988    0.9924    0.8445   0.01201  0.003074 0.0009312
     51/99     3.04G   0.02037   0.01221  0.003188   0.03577         8       416    0.9779     0.966    0.9869    0.8516   0.01193  0.002959  0.001131
     52/99     3.04G   0.02086   0.01186  0.003159   0.03588         5       416     0.984    0.9713    0.9886    0.8482   0.01255  0.003202  0.001225
     53/99     3.04G   0.02008   0.01197  0.002896   0.03495        10       416    0.9835    0.9811    0.9904    0.8583   0.01162  0.003014 0.0007985
     54/99     3.04G   0.02011   0.01181  0.003004   0.03492         8       416    0.9846    0.9696    0.9918    0.8555   0.01154   0.00296 0.0008774
     55/99     3.04G   0.02015   0.01194  0.002884   0.03497         9       416    0.9871    0.9718    0.9896    0.8566   0.01151   0.00296 0.0009253
     56/99     3.04G   0.01949   0.01166  0.002746    0.0339         9       416    0.9701    0.9758    0.9895    0.8564   0.01173  0.002999 0.0008918
     57/99     3.04G   0.01917    0.0115  0.002789   0.03346         8       416    0.9834    0.9769    0.9923    0.8514   0.01227  0.002911 0.0008097
     58/99     3.04G   0.01962    0.0122  0.002773   0.03459        16       416    0.9752    0.9837     0.992    0.8596   0.01122  0.002961 0.0008429
     59/99     3.04G   0.01942   0.01146  0.002763   0.03364        11       416    0.9699    0.9578    0.9832    0.8293   0.01401  0.003291  0.001338
     60/99     3.04G   0.01895   0.01138  0.002518   0.03284        12       416     0.979    0.9809    0.9905    0.8683   0.01095  0.002832 0.0008615
     61/99     3.04G   0.01864   0.01108  0.002566   0.03228         8       416    0.9664    0.9835    0.9918    0.8606   0.01197  0.002921 0.0007893
     62/99     3.04G    0.0186   0.01148  0.002439   0.03252        14       416    0.9828    0.9785    0.9906    0.8565   0.01234  0.002881  0.000921
     63/99     3.04G   0.01852   0.01135  0.002597   0.03248         6       416    0.9639     0.976    0.9899    0.8633   0.01155  0.003015 0.0007088
     64/99     3.04G   0.01822   0.01123  0.002959   0.03241         8       416     0.976    0.9855    0.9903    0.8678   0.01164  0.002843 0.0007806
     65/99     3.04G   0.01787   0.01108  0.002162   0.03112         3       416    0.9728    0.9858    0.9914    0.8678   0.01131  0.002792 0.0008008
     66/99     3.04G   0.01775   0.01101  0.002267   0.03103         3       416    0.9745    0.9696    0.9884    0.8663   0.01192  0.002806  0.002771
     67/99     3.04G   0.01775   0.01116  0.002536   0.03144         4       416    0.9715     0.979    0.9917    0.8709   0.01123  0.002919 0.0006004
     68/99     3.04G   0.01769   0.01103   0.00255   0.03126         4       416    0.9768    0.9801    0.9929    0.8724   0.01099  0.002805 0.0007784
     69/99     3.04G   0.01724   0.01068  0.002066   0.02999         3       416    0.9831    0.9739    0.9905     0.872   0.01134   0.00272 0.0007564
     70/99     3.04G   0.01753   0.01082  0.001965   0.03031        10       416    0.9779    0.9826    0.9922    0.8771    0.0115  0.002747 0.0006659
     71/99     3.04G    0.0173   0.01062  0.002251   0.03017         9       416    0.9714    0.9837    0.9909    0.8715   0.01086  0.002706 0.0007018
     72/99     3.04G    0.0173   0.01072  0.002015   0.03003         6       416     0.988    0.9713    0.9912     0.881    0.0104  0.002688 0.0007337
     73/99     3.04G   0.01721   0.01067   0.00209   0.02997         5       416    0.9699    0.9822    0.9914    0.8784   0.01124   0.00275 0.0005634
     74/99     3.04G   0.01688   0.01042  0.001945   0.02924         6       416    0.9866    0.9666    0.9912    0.8815   0.01062  0.002725 0.0006833
     75/99     3.04G   0.01725   0.01116   0.00193   0.03034        18       416    0.9808    0.9836    0.9922    0.8736   0.01041  0.002748 0.0007429
     76/99     3.04G   0.01625   0.01008  0.001784   0.02812         4       416     0.973    0.9827    0.9921    0.8877   0.01043  0.002748 0.0006114
     77/99     3.04G   0.01642   0.01026   0.00203   0.02871         8       416    0.9722    0.9929    0.9921    0.8805   0.01108  0.002655 0.0005248
     78/99     3.04G   0.01646   0.01023  0.001781   0.02848         8       416    0.9882    0.9769    0.9897    0.8795   0.01035  0.002633 0.0004935
     79/99     3.04G   0.01609  0.009975  0.002233    0.0283         4       416    0.9849    0.9808    0.9922    0.8826   0.01088  0.002602 0.0004684
     80/99     3.04G   0.01623   0.01026  0.002029   0.02851         7       416    0.9824    0.9799    0.9919    0.8784   0.01025  0.002686 0.0008216
     81/99     3.04G   0.01599   0.00999   0.00221   0.02819         4       416    0.9784    0.9757    0.9912    0.8715   0.01067  0.002737 0.0006057
     82/99     3.04G   0.01621   0.01036  0.001823   0.02839         9       416    0.9779     0.981    0.9908    0.8797   0.01043  0.002699 0.0005474
     83/99     3.04G   0.01575  0.009872  0.001765   0.02739        10       416    0.9825    0.9835    0.9927    0.8892   0.01104  0.002688 0.0004531
     84/99     3.04G   0.01578  0.009987  0.001727   0.02749         6       416    0.9853    0.9729    0.9924     0.879   0.01084  0.002688 0.0005343
     85/99     3.04G   0.01562  0.009913  0.001495   0.02703         6       416    0.9793    0.9814    0.9917    0.8827   0.01058  0.002742 0.0005038
     86/99     3.04G   0.01584  0.009897  0.001597   0.02733         6       416    0.9845    0.9818    0.9925    0.8834   0.01043   0.00271  0.000438
     87/99     3.04G   0.01538  0.009806  0.001412    0.0266         4       416    0.9798    0.9871    0.9927    0.8881   0.00999  0.002632 0.0005164
     88/99     3.04G   0.01537  0.009995   0.00148   0.02685         6       416    0.9878    0.9763    0.9896    0.8924   0.00981  0.002622 0.0005192
     89/99     3.04G   0.01507  0.009862  0.001362   0.02629         6       416    0.9796    0.9864    0.9919    0.8842    0.0105   0.00263 0.0004261
     90/99     3.04G   0.01529  0.009622  0.001538   0.02645         4       416    0.9809    0.9844    0.9927    0.8813   0.01086  0.002652 0.0004086
     91/99     3.04G   0.01537   0.01002  0.001456   0.02684        12       416    0.9767    0.9861    0.9925    0.8868    0.0102  0.002645 0.0003894
     92/99     3.04G   0.01492  0.009572  0.001451   0.02594        10       416    0.9705    0.9924    0.9925     0.889   0.01033  0.002662  0.000416
     93/99     3.04G   0.01523   0.01001  0.001502   0.02674        11       416    0.9762    0.9879    0.9924    0.8878   0.01063  0.002695 0.0003809
     94/99     3.04G   0.01485  0.009474  0.001775    0.0261         4       416    0.9788    0.9871    0.9927    0.8863    0.0103  0.002595 0.0004226
     95/99     3.04G   0.01507  0.009668    0.0015   0.02624        10       416    0.9756    0.9894    0.9924    0.8907    0.0102  0.002587 0.0003778
     96/99     3.04G   0.01504  0.009734  0.001629    0.0264         8       416    0.9754    0.9911    0.9929    0.8933  0.009854  0.002582 0.0003944
     97/99     3.04G   0.01511  0.009893  0.001567   0.02657        11       416    0.9782    0.9891    0.9909     0.886   0.01059  0.002604 0.0003652
     98/99     3.04G   0.01473  0.009418   0.00159   0.02574         2       416    0.9729    0.9896    0.9921    0.8894  0.009982  0.002626 0.0003673
     99/99     3.04G   0.01503  0.009665  0.001368   0.02606         4       416    0.9744    0.9853    0.9909    0.8897   0.01008  0.002567 0.0004498
