      0/99     2.36G   0.07575   0.03032    0.0744    0.1805        88       416   0.04865    0.4994   0.07631    0.0287   0.03863   0.01124   0.05557
      1/99     2.58G   0.04677   0.02411   0.06603    0.1369        88       416    0.1569    0.3205    0.1817   0.09301   0.03186  0.006805   0.04502
      2/99     2.58G   0.04307   0.02087   0.05389    0.1178        79       416     0.216    0.5088    0.3069    0.1609   0.03023    0.0059   0.03413
      3/99     2.58G   0.04294   0.01922   0.04176    0.1039        97       416    0.3988    0.6062    0.4772    0.2289   0.03302  0.005993   0.02326
      4/99     2.58G   0.04882   0.01907   0.03002    0.0979        92       416    0.4602    0.6549    0.5333    0.2522   0.03259  0.005607   0.01967
      5/99     2.58G    0.0453   0.01887   0.02374   0.08791        85       416    0.5061    0.5827    0.5081    0.2253   0.03897  0.005869    0.0127
      6/99     2.58G   0.04337   0.01869   0.02088   0.08294        73       416    0.4726    0.5001    0.4455    0.2132   0.03308  0.006797   0.03096
      7/99     2.58G     0.042   0.01946   0.02099   0.08245        83       416    0.4477    0.3047    0.2842    0.1278   0.03668   0.01069   0.03145
      8/99     2.58G   0.04155   0.01987   0.01964   0.08106        72       416    0.5147    0.4551    0.4021    0.1666    0.0381  0.009365   0.02135
      9/99     2.58G   0.03939   0.02036   0.01835   0.07809        84       416    0.6135    0.6908    0.6609    0.3072   0.03184  0.007081   0.01265
     10/99     2.58G   0.03765   0.01907   0.01816   0.07488        84       416    0.8067    0.7941    0.8311    0.4169   0.02873  0.005771  0.006446
     11/99     2.58G   0.03668   0.01871   0.01519   0.07058        72       416    0.8269    0.8234      0.85    0.4713   0.02808  0.005193  0.005072
     12/99     2.58G   0.03499   0.01853   0.01326   0.06678        83       416     0.827     0.848    0.8721    0.4826   0.02624   0.00518  0.004748
     13/99     2.58G   0.03479   0.01823   0.01309    0.0661        86       416    0.7545    0.7639    0.7838    0.4258   0.02667  0.006081   0.01058
     14/99     2.58G   0.03385   0.01801   0.01257   0.06443        71       416    0.7717    0.7907    0.8005    0.4696   0.02641  0.004979  0.004524
     15/99     2.58G   0.03282   0.01711   0.01158   0.06152        75       416    0.8167     0.865    0.8647    0.5024   0.02521    0.0055  0.002558
     16/99     2.58G   0.03237   0.01664   0.01108   0.06008        74       416    0.8972    0.8438    0.8969    0.5044   0.02652  0.005287    0.0025
     17/99     2.58G   0.03168   0.01714    0.0106   0.05941        69       416    0.8365    0.8154    0.8489    0.4885   0.02653  0.005236    0.0049
     18/99     2.58G   0.03109   0.01699   0.01099   0.05907        73       416    0.7859    0.7864    0.8038    0.4612   0.02549  0.005443  0.005318
     19/99     2.58G   0.03119   0.01687    0.0109   0.05896        77       416    0.8353    0.8428    0.8643    0.5141    0.0256   0.00507  0.002946
     20/99     2.58G   0.03031   0.01697  0.009563   0.05685        95       416    0.9293    0.9175    0.9386    0.6043   0.02214  0.004586  0.001563
     21/99     2.58G   0.02981   0.01643   0.00843   0.05467        82       416    0.9091    0.9071    0.9211    0.5771   0.02295   0.00454  0.001903
     22/99     2.58G   0.02962   0.01603  0.008265   0.05392        87       416    0.9202    0.9073    0.9358    0.6051   0.02255  0.004535  0.001958
     23/99     2.58G    0.0295   0.01598  0.009043   0.05452        65       416    0.9121     0.867    0.9211    0.5727   0.02336  0.004614  0.002991
     24/99     2.58G   0.02898    0.0159   0.00852   0.05339        96       416    0.8916    0.8808    0.9046    0.5825   0.02251  0.004864  0.002582
     25/99     2.58G   0.02891   0.01606  0.008893   0.05387        76       416     0.889    0.8954    0.9078    0.5842   0.02281  0.004589  0.001605
     26/99     2.58G    0.0284   0.01558  0.007384   0.05136        79       416    0.9018    0.8811    0.9218    0.6071   0.02251  0.004489  0.001587
     27/99     2.58G   0.02826   0.01565  0.007923   0.05184        77       416    0.9352    0.9306     0.949    0.6166   0.02245  0.004406  0.001599
     28/99     2.58G   0.02821   0.01553  0.007674   0.05141        62       416    0.8987     0.889    0.9203     0.598    0.0233  0.004428  0.001956
     29/99     2.58G   0.02754   0.01509  0.007638   0.05026        64       416    0.9031    0.8809    0.9146    0.5967   0.02233  0.004352   0.00117
     30/99     2.58G   0.02721   0.01535   0.00747   0.05003        67       416    0.9159    0.8866    0.9397     0.599   0.02248   0.00443   0.00145
     31/99     2.58G   0.02701   0.01522  0.007385   0.04961        73       416      0.94    0.9273    0.9558    0.6408   0.02025  0.004351  0.001099
     32/99     2.58G   0.02646   0.01521  0.006414   0.04808        89       416    0.9434    0.9193    0.9515    0.6447   0.02077  0.004345  0.001209
     33/99     2.58G   0.02637   0.01477  0.006566   0.04771        93       416    0.9551    0.9327     0.959    0.6426   0.02041   0.00418  0.001162
     34/99     2.58G   0.02573   0.01477  0.006249   0.04674        80       416    0.9284    0.9233    0.9454    0.6581   0.01951   0.00429  0.002082
     35/99     2.58G   0.02622   0.01492  0.006185   0.04732        80       416    0.9383    0.9192    0.9504     0.638   0.01995  0.004191   0.00128
     36/99     2.58G   0.02579   0.01465  0.005862    0.0463        70       416    0.9321     0.922    0.9421    0.6318   0.02029  0.004252 0.0009212
     37/99     2.58G   0.02556   0.01486  0.006191   0.04662        79       416    0.9259    0.9126    0.9324    0.6395   0.02039   0.00441  0.002087
     38/99     2.58G   0.02524   0.01485  0.006549   0.04665        87       416    0.9607    0.9071    0.9579    0.6619   0.01941    0.0042  0.001113
     39/99     2.58G   0.02485   0.01442  0.006209   0.04548        75       416    0.9397    0.9257    0.9495    0.6728   0.02079  0.004209  0.001084
     40/99     2.58G   0.02477   0.01462  0.006741   0.04613        75       416    0.9476    0.9319    0.9559    0.6771   0.01939  0.004122  0.001211
     41/99     2.58G   0.02475   0.01427  0.005713   0.04473        71       416    0.9622    0.9289    0.9574    0.6702   0.01947  0.004086  0.001399
     42/99     2.58G   0.02469    0.0145  0.005478   0.04467        76       416    0.9728    0.9439    0.9694    0.6989   0.01897  0.004032 0.0009278
     43/99     2.58G   0.02443   0.01429  0.005406   0.04412        74       416    0.9623    0.9271    0.9624    0.7036   0.01951  0.003909 0.0008194
     44/99     2.58G   0.02387    0.0144  0.005794   0.04406        70       416     0.959    0.9399    0.9655    0.7007   0.01879   0.00401 0.0009796
     45/99     2.58G   0.02401   0.01408  0.005568   0.04366        78       416    0.9516    0.9478    0.9692    0.7103   0.01823  0.003864 0.0006868
     46/99     2.58G   0.02362    0.0136  0.005677    0.0429        71       416    0.9446    0.9284    0.9452    0.6798   0.02013  0.003994  0.001068
     47/99     2.58G    0.0234     0.014  0.005407    0.0428        85       416    0.9573     0.925    0.9614    0.7018    0.0185  0.003968 0.0009083
     48/99     2.58G   0.02353   0.01391  0.005632   0.04307        91       416    0.9471    0.9333    0.9618     0.698   0.01833  0.004008 0.0008184
     49/99     2.58G   0.02331   0.01376  0.004787   0.04186        87       416    0.9564    0.9343     0.971    0.7078   0.01798  0.003875 0.0008947
     50/99     2.58G   0.02288   0.01362  0.004642   0.04114        55       416    0.9649    0.9363    0.9622    0.6952    0.0183  0.003795 0.0008991
     51/99     2.58G   0.02257    0.0134  0.005022   0.04099        68       416    0.9607    0.9479    0.9712    0.7101   0.01763  0.003818  0.000937
     52/99     2.58G   0.02276   0.01355  0.005259   0.04157        87       416    0.9627    0.9518    0.9714    0.6967   0.01792  0.003895 0.0008609
     53/99     2.58G   0.02203     0.013  0.004858   0.03989        87       416    0.9844    0.9445    0.9726    0.7403   0.01697  0.003731 0.0007928
     54/99     2.58G   0.02235   0.01328  0.005088   0.04072        77       416    0.9629    0.9409    0.9664    0.7136   0.01719  0.003852  0.000846
     55/99     2.58G   0.02219   0.01348  0.005112   0.04078        77       416    0.9741    0.9472    0.9746    0.7415   0.01648  0.003676 0.0006374
     56/99     2.58G   0.02205   0.01303  0.004439   0.03953        78       416    0.9714    0.9433    0.9675    0.7093   0.01766   0.00373 0.0007376
     57/99     2.58G    0.0219   0.01289  0.004481   0.03927        68       416    0.9723    0.9517    0.9684    0.7311   0.01657  0.003589 0.0006696
     58/99     2.58G    0.0216   0.01308  0.004446   0.03912        87       416    0.9751     0.944    0.9733    0.7365   0.01687  0.003658 0.0006228
     59/99     2.58G   0.02156     0.013  0.004346    0.0389        86       416    0.9715    0.9386      0.97    0.7454   0.01597  0.003672 0.0007554
     60/99     2.58G   0.02142   0.01282  0.004219   0.03846        85       416    0.9433    0.9343    0.9534    0.6614   0.01896  0.003834 0.0006405
     61/99     2.58G   0.02101   0.01289  0.003855   0.03775        86       416     0.968    0.9478     0.972    0.7468   0.01612  0.003632 0.0006871
     62/99     2.58G    0.0206   0.01274  0.003983   0.03732        75       416    0.9591    0.9373    0.9628    0.7134   0.01714  0.003762 0.0005817
     63/99     2.58G   0.02053   0.01266    0.0039   0.03709        86       416     0.979     0.945    0.9773    0.7545   0.01592  0.003549 0.0004863
     64/99     2.58G   0.02048    0.0127  0.003764   0.03695        93       416    0.9731    0.9569     0.978    0.7466   0.01627  0.003589 0.0005464
     65/99     2.58G   0.02026   0.01235  0.003686   0.03629        73       416    0.9757    0.9499    0.9769    0.7571   0.01631  0.003467 0.0005806
     66/99     2.58G      0.02   0.01252  0.003914   0.03643        71       416    0.9748     0.955     0.977    0.7606   0.01588  0.003454 0.0004689
     67/99     2.58G   0.02013   0.01254  0.003741   0.03641        68       416    0.9754    0.9534    0.9768    0.7673   0.01513   0.00348 0.0006409
     68/99     2.58G   0.01999   0.01221  0.003467   0.03567        79       416    0.9816    0.9524    0.9772    0.7582   0.01607  0.003503 0.0005482
     69/99     2.58G   0.01981   0.01236  0.003506   0.03568        60       416    0.9746    0.9597    0.9809    0.7516    0.0162  0.003504 0.0005494
     70/99     2.58G    0.0197   0.01235  0.003425   0.03547        83       416    0.9754    0.9639    0.9796    0.7604   0.01543  0.003515 0.0004767
     71/99     2.58G   0.01939   0.01215  0.003274   0.03481        77       416     0.981    0.9636    0.9811    0.7595    0.0156  0.003441 0.0004084
     72/99     2.58G    0.0193   0.01187  0.003363   0.03454        79       416    0.9788    0.9624    0.9788      0.76   0.01573  0.003486 0.0004078
     73/99     2.58G   0.01926   0.01214  0.003429   0.03483        83       416    0.9787     0.958    0.9811    0.7509   0.01578  0.003488 0.0004426
     74/99     2.58G   0.01916   0.01187   0.00372   0.03475        81       416     0.979    0.9507    0.9745    0.7543   0.01559  0.003516 0.0005597
     75/99     2.58G   0.01904    0.0119  0.003374   0.03431        71       416    0.9741    0.9525    0.9774    0.7604   0.01554  0.003461 0.0004903
     76/99     2.58G   0.01929   0.01185  0.003438   0.03458        88       416    0.9725    0.9591    0.9771    0.7702    0.0149  0.003445 0.0003989
     77/99     2.58G   0.01884   0.01191  0.003338   0.03409        89       416    0.9737    0.9633    0.9748    0.7668   0.01548  0.003375 0.0003871
     78/99     2.58G   0.01864   0.01164  0.003028   0.03331        69       416    0.9749    0.9589     0.977    0.7804   0.01477   0.00338 0.0003608
     79/99     2.58G    0.0187   0.01164  0.003284   0.03363        80       416     0.982    0.9615    0.9778    0.7661   0.01517  0.003442 0.0003642
     80/99     2.58G   0.01841   0.01178  0.002805     0.033        88       416    0.9763    0.9578    0.9766    0.7641   0.01521  0.003399  0.000383
     81/99     2.58G   0.01832   0.01153  0.003042    0.0329        72       416    0.9712    0.9538    0.9715     0.746   0.01565  0.003448 0.0003544
     82/99     2.58G   0.01824   0.01155  0.002996   0.03278        76       416     0.982    0.9512     0.979    0.7795    0.0149  0.003317 0.0004196
     83/99     2.58G   0.01798    0.0113  0.002691   0.03198        96       416    0.9722    0.9605    0.9768    0.7723   0.01505  0.003364  0.000324
     84/99     2.58G   0.01815   0.01146  0.002804   0.03242        68       416    0.9767    0.9688    0.9763    0.7699   0.01501   0.00333  0.000341
     85/99     2.58G   0.01785   0.01163  0.002815    0.0323        69       416     0.975    0.9581    0.9731    0.7731   0.01475  0.003359 0.0003232
     86/99     2.58G   0.01776   0.01122  0.002766   0.03174        73       416    0.9759    0.9593    0.9746    0.7826   0.01438  0.003307 0.0003031
     87/99     2.58G   0.01771   0.01122  0.002505   0.03144        67       416    0.9686    0.9572    0.9766    0.7804   0.01442  0.003353 0.0003361
     88/99     2.58G   0.01786   0.01137  0.002866    0.0321        97       416    0.9777    0.9599     0.976    0.7855   0.01467  0.003302 0.0003285
     89/99     2.58G   0.01797   0.01153  0.002555   0.03205        87       416    0.9837    0.9549    0.9786    0.7876   0.01441  0.003324  0.000319
     90/99     2.58G   0.01728   0.01123  0.002917   0.03142        84       416    0.9834     0.953    0.9772    0.7874   0.01443  0.003312  0.000333
     91/99     2.58G   0.01726   0.01119  0.002643   0.03109        74       416    0.9819    0.9517    0.9773    0.7799   0.01463  0.003317 0.0003102
     92/99     2.58G   0.01743   0.01121  0.002712   0.03135        76       416    0.9763     0.956    0.9797    0.7752   0.01492  0.003338 0.0002872
     93/99     2.58G   0.01717   0.01111  0.002511   0.03079        75       416    0.9844     0.954     0.978    0.7916   0.01412  0.003242 0.0002994
     94/99     2.58G   0.01731   0.01099  0.002617   0.03092        62       416    0.9757    0.9534    0.9753    0.7635   0.01516  0.003349 0.0002725
     95/99     2.58G   0.01717   0.01101  0.002439   0.03062        61       416    0.9734    0.9572    0.9778    0.7799    0.0148   0.00334 0.0002743
     96/99     2.58G   0.01711   0.01113  0.002648   0.03088        64       416    0.9842    0.9625    0.9798    0.7718   0.01469  0.003322 0.0002619
     97/99     2.58G   0.01714   0.01121  0.002333   0.03068        86       416    0.9805    0.9555    0.9781    0.7848   0.01485  0.003277 0.0002658
     98/99     2.58G   0.01701   0.01089  0.002492    0.0304        90       416    0.9806    0.9589    0.9757     0.774    0.0147  0.003302 0.0002871
     99/99     2.58G   0.01737   0.01104  0.002834   0.03124       108       416    0.9855    0.9517    0.9766    0.7795   0.01448  0.003316 0.0003422
