      0/99     0.86G   0.08318   0.03647   0.07574    0.1954        36       416   0.04691    0.4214   0.07852   0.03093   0.04444   0.01645   0.06802
      1/99     2.98G   0.05061   0.02881   0.07074    0.1502        35       416   0.09084    0.4963    0.1481    0.0619   0.03559  0.009147    0.0604
      2/99     3.29G   0.04403   0.02453   0.06501    0.1336        58       416    0.2047    0.3636    0.2644    0.1358    0.0286  0.007231   0.05219
      3/99      3.3G   0.04207   0.02214   0.05532    0.1195        36       416    0.2499    0.6193    0.4115     0.244   0.02722    0.0064   0.04412
      4/99      3.3G   0.04088   0.02056   0.04466    0.1061        32       416    0.4797    0.6056    0.6145    0.3601    0.0285  0.006274   0.03508
      5/99      3.3G   0.04495   0.01994   0.03527    0.1002        33       416    0.4911    0.7553    0.6712    0.4039   0.02931  0.006218    0.0277
      6/99      3.3G   0.04608   0.02011   0.02831   0.09449        49       416    0.5546    0.7948    0.7606    0.4732   0.02497  0.005993   0.02217
      7/99      3.3G   0.04298   0.01949   0.02412    0.0866        41       416    0.7229    0.7939    0.8326    0.5089   0.02601  0.005747   0.01757
      8/99      3.3G    0.0409   0.01941   0.02017   0.08047        58       416    0.8327     0.833    0.9069    0.6032   0.02427  0.005954   0.01333
      9/99      3.3G   0.03891   0.01959   0.01676   0.07526        45       416    0.8345    0.8618    0.9129     0.559   0.02532  0.006559   0.01206
     10/99      3.3G   0.03915   0.01953   0.01624   0.07493        35       416    0.7682    0.7981    0.8682    0.5653   0.02582   0.00862   0.01256
     11/99      3.3G   0.03703   0.02004   0.01597   0.07304        44       416    0.7178    0.6253    0.6821    0.4225   0.02571  0.008619   0.02793
     12/99      3.3G   0.03553   0.01989    0.0141   0.06951        46       416    0.8716    0.8701    0.9112    0.6306     0.022   0.00651  0.009033
     13/99      3.3G   0.03396   0.01932   0.01304   0.06632        39       416    0.9009    0.8705    0.9446    0.6622   0.02103  0.006527  0.007976
     14/99      3.3G   0.03276   0.01871   0.01262   0.06409        46       416     0.909    0.9104     0.947    0.6686   0.02192  0.005774  0.006911
     15/99      3.3G    0.0322    0.0186   0.01197   0.06277        42       416     0.892    0.8296    0.9111    0.6407   0.02181  0.006341  0.008459
     16/99      3.3G   0.03156   0.01884    0.0112    0.0616        42       416    0.9149    0.9029    0.9481    0.6671   0.02173  0.005818  0.006973
     17/99      3.3G   0.03039   0.01843   0.01123   0.06004        52       416    0.8922    0.9167    0.9572    0.7137   0.02105  0.005609   0.00886
     18/99      3.3G   0.03045   0.01804   0.01005   0.05854        37       416    0.9606    0.9314    0.9722    0.7205   0.01939  0.004994  0.004906
     19/99      3.3G   0.02933   0.01759   0.01001   0.05693        54       416    0.9272    0.8948    0.9571    0.7092   0.01942  0.006527  0.004456
     20/99      3.3G   0.02881   0.01771  0.009296   0.05581        50       416    0.9382    0.8892     0.956    0.7224   0.01981  0.005545  0.007768
     21/99      3.3G   0.02826   0.01756  0.009044   0.05486        56       416    0.9467    0.9486    0.9687    0.7426   0.01931  0.005016  0.003234
     22/99      3.3G   0.02785   0.01668  0.008731   0.05326        51       416     0.959     0.935    0.9786    0.7302   0.01813  0.004982  0.003242
     23/99      3.3G   0.02756   0.01686  0.008452   0.05287        35       416    0.9405    0.9388    0.9769    0.7274   0.01821  0.005701  0.003759
     24/99      3.3G   0.02754    0.0169  0.008146   0.05259        38       416    0.9622    0.9537    0.9776     0.757   0.01785  0.005011  0.003621
     25/99      3.3G   0.02666   0.01687  0.007949   0.05148        57       416    0.9379    0.9261    0.9567    0.7433   0.01776  0.005162  0.003696
     26/99      3.3G   0.02591   0.01605  0.008008   0.04997        37       416    0.9658    0.9294    0.9725    0.7553   0.01744  0.004752  0.002726
     27/99      3.3G   0.02601   0.01647  0.007711    0.0502        44       416    0.9468    0.9724    0.9744    0.7556   0.01733  0.005059  0.003277
     28/99      3.3G   0.02628   0.01652  0.007491    0.0503        39       416     0.951    0.9694    0.9851    0.7813   0.01639  0.004651  0.002218
     29/99      3.3G   0.02577   0.01625  0.008132   0.05015        22       416    0.9689    0.9428    0.9751    0.7761   0.01685   0.00491  0.002727
     30/99      3.3G   0.02532   0.01608  0.007135   0.04854        30       416    0.9521    0.9537     0.978    0.7557   0.01701  0.004665  0.002346
     31/99      3.3G     0.025   0.01638  0.007903   0.04928        36       416    0.9572    0.9525    0.9778    0.7575   0.01609  0.004832  0.002913
     32/99      3.3G   0.02526   0.01599  0.007065   0.04832        28       416    0.9714    0.9509     0.976    0.7723   0.01643  0.004659  0.001981
     33/99      3.3G   0.02468   0.01593  0.007068   0.04767        60       416    0.9636    0.9441     0.974    0.7696   0.01771  0.004811  0.002872
     34/99      3.3G    0.0241   0.01578  0.006547   0.04643        25       416    0.9743    0.9571    0.9801    0.7766   0.01613  0.004483  0.001977
     35/99      3.3G   0.02399   0.01576  0.006912   0.04666        46       416     0.967    0.9633    0.9855    0.7885   0.01607   0.00444  0.001802
     36/99      3.3G   0.02392   0.01553  0.006421   0.04586        56       416    0.9543    0.9647    0.9778    0.7879   0.01572  0.004528  0.002537
     37/99      3.3G   0.02344   0.01494  0.005995   0.04438        44       416    0.9501    0.9702    0.9782     0.784   0.01465  0.004414  0.002209
     38/99      3.3G   0.02369   0.01499  0.005989   0.04467        49       416    0.9543    0.9673    0.9797    0.7758   0.01623  0.004358  0.002126
     39/99      3.3G   0.02305   0.01425  0.005746   0.04304        42       416    0.9525     0.952    0.9744    0.7937   0.01633  0.004458  0.002634
     40/99      3.3G   0.02301   0.01473  0.005995   0.04373        44       416    0.9645    0.9676    0.9866    0.8124   0.01477  0.004298  0.002005
     41/99      3.3G   0.02276   0.01477  0.005379   0.04291        41       416    0.9547    0.9549    0.9836    0.7875   0.01484  0.004529  0.002655
     42/99      3.3G    0.0225    0.0145    0.0059    0.0429        41       416    0.9643    0.9668    0.9816    0.7928   0.01454   0.00446  0.001968
     43/99      3.3G   0.02253   0.01477  0.005491   0.04279        64       416    0.9645    0.9536    0.9823    0.7993   0.01425  0.004344  0.001979
     44/99      3.3G   0.02239   0.01473  0.005605   0.04272        69       416    0.9591    0.9808     0.988    0.8094   0.01403  0.004211  0.001761
     45/99      3.3G   0.02183   0.01432  0.005608   0.04176        36       416    0.9523    0.9468    0.9837    0.8073   0.01446  0.004655  0.001926
     46/99      3.3G   0.02169   0.01475  0.005464    0.0419        59       416    0.9447    0.9773    0.9828    0.8029   0.01417  0.004238  0.001763
     47/99      3.3G   0.02161   0.01429  0.005096     0.041        60       416    0.9588    0.9513    0.9795    0.8127   0.01367  0.004332  0.002956
     48/99      3.3G   0.02153   0.01415  0.004768   0.04046        46       416     0.958    0.9644    0.9857    0.8149   0.01363  0.004029  0.002092
     49/99      3.3G   0.02114   0.01415  0.005225   0.04052        43       416    0.9567    0.9775    0.9881     0.819   0.01336   0.00413  0.001703
     50/99      3.3G   0.02144   0.01442  0.005735   0.04159        37       416    0.9701    0.9628     0.985    0.8138   0.01414  0.004106  0.001794
     51/99      3.3G   0.02092   0.01416  0.005035   0.04011        46       416    0.9621    0.9795    0.9857    0.8263   0.01326  0.004034    0.0017
     52/99      3.3G   0.02064   0.01402  0.004855   0.03951        47       416    0.9745    0.9715     0.985    0.8184   0.01316  0.004139  0.001593
     53/99      3.3G   0.02083   0.01419  0.005153   0.04017        49       416    0.9694    0.9737    0.9848    0.8241   0.01315  0.004079  0.001286
     54/99      3.3G   0.02054   0.01382  0.004491   0.03885        28       416    0.9668    0.9739    0.9849    0.8248   0.01366  0.004023  0.001865
     55/99      3.3G   0.02049   0.01388  0.004464   0.03883        61       416    0.9625    0.9791    0.9879    0.8255   0.01277  0.004026  0.001613
     56/99      3.3G   0.02001   0.01341  0.004671   0.03809        48       416    0.9636    0.9728    0.9864    0.8191     0.013  0.004142  0.001872
     57/99      3.3G   0.01989   0.01339  0.004247   0.03752        57       416    0.9721    0.9606    0.9865    0.8293    0.0132  0.004025  0.001445
     58/99      3.3G   0.01945   0.01342  0.004146   0.03701        47       416    0.9777    0.9724    0.9873    0.8379   0.01317  0.003923  0.001412
     59/99      3.3G   0.01958   0.01322   0.00381   0.03662        49       416    0.9518    0.9732    0.9861    0.8294   0.01389  0.003975  0.001565
     60/99      3.3G   0.01911   0.01334  0.004382   0.03683        49       416    0.9728    0.9549    0.9845    0.8254   0.01289  0.003938  0.001345
     61/99      3.3G    0.0193   0.01361  0.004214   0.03713        36       416    0.9655    0.9706    0.9864    0.8341   0.01227  0.003963  0.001489
     62/99      3.3G   0.01938   0.01318  0.004013   0.03658        57       416    0.9714    0.9833    0.9894    0.8317   0.01304  0.003862  0.001049
     63/99      3.3G    0.0188   0.01275  0.003797   0.03535        42       416    0.9807    0.9682    0.9877    0.8293   0.01256   0.00394  0.001667
     64/99      3.3G   0.01864   0.01286   0.00367   0.03517        37       416    0.9581    0.9625    0.9879    0.8328   0.01331   0.00395   0.00138
     65/99      3.3G    0.0187   0.01311  0.004067   0.03587        63       416    0.9753    0.9674    0.9858    0.8459   0.01266  0.003793  0.001276
     66/99      3.3G   0.01838   0.01292  0.003828   0.03513        38       416    0.9584    0.9781    0.9888    0.8421   0.01284  0.003866 0.0009331
     67/99      3.3G   0.01829   0.01282  0.003934   0.03504        43       416    0.9654    0.9738    0.9881    0.8493   0.01242  0.003925  0.001081
     68/99      3.3G   0.01819   0.01266  0.003585   0.03444        55       416     0.959    0.9651    0.9811    0.8385   0.01282   0.00387  0.001261
     69/99      3.3G   0.01835   0.01301  0.003963   0.03532        59       416    0.9712    0.9738    0.9886    0.8326   0.01209   0.00381  0.001082
     70/99      3.3G   0.01836   0.01282  0.003648   0.03482        47       416    0.9654    0.9793     0.986    0.8379   0.01289  0.003806  0.001142
     71/99      3.3G   0.01756   0.01229  0.003596   0.03345        39       416    0.9583    0.9802    0.9878     0.838   0.01273   0.00385   0.00128
     72/99      3.3G   0.01759   0.01209  0.003625    0.0333        39       416    0.9581    0.9669    0.9842    0.8374   0.01268  0.003803  0.001718
     73/99      3.3G   0.01766   0.01253  0.003333   0.03352        39       416    0.9673    0.9626     0.989    0.8465   0.01228  0.003744  0.001523
     74/99      3.3G   0.01743   0.01237  0.003329   0.03313        55       416    0.9688    0.9767    0.9901    0.8546   0.01271  0.003758  0.001243
     75/99      3.3G   0.01738    0.0122  0.003469   0.03305        46       416    0.9682    0.9702    0.9906    0.8464   0.01231  0.003705 0.0008879
     76/99      3.3G    0.0172   0.01238  0.003271   0.03286        50       416    0.9717    0.9686    0.9893    0.8448   0.01233  0.003746  0.001542
     77/99      3.3G   0.01724   0.01222  0.002938    0.0324        63       416    0.9678    0.9709     0.988    0.8464   0.01207  0.003614  0.001316
     78/99      3.3G    0.0167   0.01189  0.003613    0.0322        49       416    0.9606    0.9826    0.9903    0.8498   0.01221  0.003679  0.001276
     79/99      3.3G   0.01696   0.01198   0.00321   0.03215        39       416    0.9713     0.977    0.9898    0.8502   0.01216  0.003732   0.00143
     80/99      3.3G   0.01686   0.01179  0.003258    0.0319        46       416    0.9692    0.9761    0.9902    0.8516   0.01251  0.003645  0.001217
     81/99      3.3G   0.01636   0.01187  0.002958   0.03119        39       416    0.9765     0.979    0.9899    0.8513   0.01213  0.003674 0.0008699
     82/99      3.3G   0.01667    0.0118  0.003125    0.0316        32       416    0.9641    0.9844    0.9905    0.8572   0.01198  0.003605  0.000999
     83/99      3.3G   0.01632    0.0119  0.003125   0.03134        56       416    0.9748    0.9783    0.9901    0.8556   0.01179  0.003646  0.001214
     84/99      3.3G   0.01645   0.01209   0.00315   0.03168        60       416    0.9735    0.9868    0.9907    0.8567   0.01176  0.003656  0.001107
     85/99      3.3G   0.01629   0.01155  0.002849   0.03069        55       416     0.976    0.9814    0.9902    0.8581   0.01152  0.003569  0.001131
     86/99      3.3G   0.01621   0.01177  0.002898   0.03088        45       416    0.9717    0.9801    0.9904    0.8503   0.01184  0.003712 0.0009028
     87/99      3.3G   0.01581   0.01167  0.002823    0.0303        56       416    0.9852    0.9644    0.9862    0.8519   0.01161  0.003652  0.001019
     88/99      3.3G   0.01628   0.01128  0.003074   0.03063        34       416    0.9706    0.9814    0.9884    0.8503    0.0116  0.003644  0.001206
     89/99      3.3G   0.01594    0.0116  0.003023   0.03057        66       416     0.971    0.9778    0.9882    0.8507   0.01177  0.003715 0.0009332
     90/99      3.3G   0.01603    0.0116  0.002885   0.03051        24       416    0.9706    0.9799    0.9898    0.8618   0.01162  0.003584   0.00111
     91/99      3.3G   0.01579   0.01151  0.002893   0.03019        41       416    0.9759    0.9801    0.9893    0.8561   0.01141  0.003607 0.0009595
     92/99      3.3G     0.016   0.01145  0.003139   0.03058        51       416    0.9741    0.9802    0.9897    0.8575   0.01194  0.003685 0.0008167
     93/99      3.3G   0.01579   0.01141  0.003026   0.03022        41       416    0.9779    0.9719    0.9896    0.8505   0.01167  0.003642  0.001001
     94/99      3.3G   0.01543   0.01113  0.002712   0.02927        36       416    0.9735    0.9748    0.9888    0.8548   0.01156  0.003581 0.0009825
     95/99      3.3G   0.01572   0.01135  0.002958   0.03003        41       416    0.9783    0.9702      0.99    0.8596   0.01158  0.003565 0.0008763
     96/99      3.3G   0.01543   0.01126  0.002703   0.02939        43       416    0.9707    0.9823    0.9911    0.8595   0.01156  0.003516 0.0007607
     97/99      3.3G   0.01563    0.0117  0.002881   0.03021        66       416    0.9703     0.983    0.9881     0.855    0.0119  0.003553  0.001023
     98/99      3.3G   0.01557   0.01144  0.002616   0.02963        56       416    0.9705    0.9785    0.9867      0.86   0.01169  0.003521 0.0009421
     99/99      3.3G   0.01552    0.0114  0.002876   0.02979        62       416    0.9721    0.9802    0.9886    0.8591   0.01159  0.003539 0.0008725
