9 0.603365 0.411058 0.201923 0.163462
10 0.465144 0.280048 0.112981 0.0841346
10 0.504808 0.308894 0.0769231 0.112981
13 0.448317 0.27524 0.0745192 0.0745192
0 0.728365 0.543269 0.149038 0.230769
9 0.600962 0.276442 0.163462 0.115385
6 0.620192 0.615385 0.105769 0.322115
14 0.526442 0.56851 0.0961538 0.189904
12 0.770433 0.378606 0.170673 0.141827
3 0.405048 0.372596 0.122596 0.0913462
7 0.600962 0.411058 0.197115 0.177885
15 0.513221 0.393029 0.103365 0.108173
5 0.393029 0.557692 0.247596 0.288462
