7 0.530048 0.649038 0.286058 0.298077 0.352842
10 0.355769 0.346154 0.0769231 0.168269 0.919406
13 0.746394 0.65024 0.0985577 0.103365 0.930317
3 0.704327 0.442308 0.163462 0.153846 0.938996
15 0.144231 0.539663 0.163462 0.141827 0.940806
0 0.573317 0.617788 0.300481 0.326923 0.941319
7 0.447115 0.652644 0.192308 0.257212 0.945581
14 0.533654 0.360577 0.298077 0.105769 0.946397
6 0.269231 0.508413 0.192308 0.459135 0.949117
9 0.475962 0.465144 0.274038 0.127404 0.951593
5 0.832933 0.510817 0.334135 0.362981 0.956566
12 0.639423 0.277644 0.298077 0.122596 0.964653
