10 0.382212 0.44351 0.153846 0.108173 0.913126
13 0.520433 0.485577 0.0985577 0.100962 0.915643
3 0.539663 0.245192 0.117788 0.153846 0.938212
9 0.302885 0.544471 0.173077 0.290865 0.939606
12 0.365385 0.335337 0.283654 0.247596 0.941522
0 0.354567 0.836538 0.276442 0.326923 0.941538
15 0.435096 0.585337 0.110577 0.15625 0.950534
7 0.669471 0.322115 0.175481 0.341346 0.950966
5 0.572115 0.706731 0.350962 0.375 0.957225
6 0.489183 0.108173 0.492788 0.197115 0.959282
14 0.552885 0.388221 0.269231 0.209135 0.967228
