14 0.213942 0.596154 0.259615 0.375 0.545427
10 0.0492788 0.402644 0.09375 0.0697115 0.794829
7 0.0853365 0.582933 0.165865 0.324519 0.901191
15 0.774038 0.669471 0.110577 0.175481 0.927648
0 0.304087 0.366587 0.329327 0.290865 0.937824
13 0.661058 0.418269 0.110577 0.110577 0.950655
14 0.322115 0.605769 0.144231 0.288462 0.951923
6 0.213942 0.59375 0.269231 0.399038 0.95309
12 0.522837 0.355769 0.209135 0.254808 0.954664
5 0.560096 0.611779 0.389423 0.319712 0.961397
9 0.825721 0.573317 0.180288 0.271635 0.970267
