10 0.313702 0.71274 0.0697115 0.146635 0.914318
15 0.260817 0.558894 0.0889423 0.15625 0.941152
14 0.507212 0.320913 0.206731 0.233173 0.94157
0 0.558894 0.467548 0.319712 0.314904 0.941911
13 0.280048 0.314904 0.108173 0.120192 0.947893
5 0.423077 0.175481 0.384615 0.350962 0.949842
3 0.329327 0.390625 0.153846 0.127404 0.954015
7 0.637019 0.555288 0.264423 0.245192 0.958075
12 0.423077 0.552885 0.240385 0.211538 0.961003
9 0.370192 0.644231 0.163462 0.245192 0.971105
6 0.52524 0.769231 0.367788 0.322115 0.972867
