7 0.466346 0.424279 0.225962 0.233173 0.908928
10 0.902644 0.50601 0.0697115 0.151442 0.923272
3 0.763221 0.335337 0.15625 0.146635 0.937289
0 0.457933 0.330529 0.266827 0.228365 0.939605
14 0.320913 0.567308 0.0889423 0.259615 0.941352
12 0.676683 0.671875 0.21875 0.223558 0.948421
15 0.832933 0.423077 0.117788 0.115385 0.948584
5 0.59375 0.522837 0.331731 0.358173 0.951877
13 0.753606 0.72476 0.103365 0.103365 0.955583
9 0.467548 0.644231 0.189904 0.221154 0.957156
6 0.72476 0.426683 0.338942 0.334135 0.980129
