3 0.560096 0.68149 0.120192 0.213942 0.322033
10 0.555288 0.703125 0.129808 0.15625 0.91747
6 0.695913 0.653846 0.175481 0.514423 0.942132
3 0.487981 0.472356 0.153846 0.117788 0.946307
0 0.532452 0.335337 0.362981 0.305288 0.946431
13 0.495192 0.569712 0.100962 0.105769 0.950523
2 0.302885 0.395433 0.1875 0.185096 0.95131
14 0.341346 0.722356 0.177885 0.295673 0.95638
3 0.586538 0.591346 0.120192 0.153846 0.957428
15 0.326923 0.527644 0.168269 0.137019 0.96258
8 0.473558 0.725962 0.288462 0.375 0.97317
