10 0.378606 0.569712 0.103365 0.129808 0.378062
6 0.728365 0.399038 0.225962 0.192308 0.491509
10 0.391827 0.513221 0.105769 0.0745192 0.879321
6 0.740385 0.28726 0.413462 0.141827 0.908508
3 0.532452 0.61899 0.09375 0.146635 0.931802
13 0.372596 0.59375 0.105769 0.105769 0.941966
7 0.503606 0.340144 0.290865 0.237981 0.943719
14 0.728365 0.401442 0.230769 0.197115 0.943741
9 0.311298 0.378606 0.117788 0.262019 0.944717
5 0.759615 0.569712 0.413462 0.370192 0.959075
15 0.510817 0.471154 0.151442 0.129808 0.960452
