10 0.397837 0.455529 0.161058 0.103365 0.903936
0 0.379808 0.841346 0.317308 0.317308 0.925105
13 0.540865 0.485577 0.105769 0.100962 0.92776
3 0.542067 0.240385 0.122596 0.163462 0.945347
15 0.460337 0.592548 0.112981 0.161058 0.945556
6 0.47476 0.110577 0.492788 0.216346 0.951948
12 0.370192 0.346154 0.298077 0.240385 0.953629
14 0.564904 0.389423 0.269231 0.192308 0.953839
7 0.677885 0.311298 0.1875 0.34375 0.954688
9 0.31851 0.557692 0.204327 0.278846 0.955975
5 0.603365 0.703125 0.336538 0.372596 0.964175
