15 0.515625 0.84375 0.213942 0.129808 0.281464
3 0.483173 0.485577 0.182692 0.182692 0.364243
10 0.524038 0.655048 0.115385 0.0745192 0.916307
13 0.477163 0.596154 0.0841346 0.0817308 0.917477
3 0.543269 0.519231 0.120192 0.129808 0.925243
0 0.659856 0.542067 0.242788 0.266827 0.936772
12 0.645433 0.742788 0.127404 0.221154 0.941162
14 0.514423 0.847356 0.225962 0.117788 0.948076
9 0.477163 0.484375 0.180288 0.185096 0.950316
5 0.364183 0.713942 0.266827 0.298077 0.959376
7 0.65024 0.376202 0.175481 0.199519 0.960427
15 0.530048 0.741587 0.132212 0.108173 0.964007
6 0.414663 0.418269 0.295673 0.307692 0.966349
