13 0.0144231 0.665865 0.0288462 0.120192 0.268206
10 0.558894 0.643029 0.358173 0.271635 0.462538
0 0.03125 0.514423 0.0625 0.221154 0.729949
10 0.520433 0.551683 0.141827 0.132212 0.889122
3 0.289663 0.504808 0.146635 0.153846 0.913798
3 0.197115 0.466346 0.120192 0.139423 0.929763
14 0.210337 0.655048 0.108173 0.252404 0.935158
2 0.748798 0.509615 0.151442 0.221154 0.940115
0 0.28726 0.324519 0.28125 0.216346 0.940282
15 0.635817 0.40024 0.15625 0.132212 0.954498
8 0.558894 0.647837 0.372596 0.271635 0.970029
6 0.405048 0.518029 0.34375 0.367788 0.975677
