7 0.38101 0.370192 0.199519 0.302885 0.315564
13 0.47476 0.639423 0.127404 0.283654 0.519301
10 0.620192 0.704327 0.158654 0.110577 0.906093
13 0.387019 0.638221 0.100962 0.103365 0.929787
3 0.629808 0.592548 0.153846 0.108173 0.93061
14 0.472356 0.640625 0.127404 0.286058 0.933603
0 0.171875 0.575721 0.338942 0.257212 0.942776
5 0.659856 0.409856 0.382212 0.314904 0.946853
15 0.326923 0.734375 0.173077 0.0985577 0.947455
9 0.911058 0.372596 0.177885 0.245192 0.947616
12 0.388221 0.365385 0.189904 0.283654 0.954114
7 0.289663 0.383413 0.257212 0.324519 0.971824
6 0.834135 0.605769 0.331731 0.346154 0.973875
