15 0.420673 0.542067 0.230769 0.194712 0.357598
13 0.301683 0.269231 0.103365 0.115385 0.924755
0 0.56851 0.457933 0.310096 0.295673 0.9348
15 0.439904 0.638221 0.120192 0.141827 0.936712
3 0.639423 0.283654 0.144231 0.149038 0.940422
10 0.300481 0.71875 0.115385 0.139423 0.951395
9 0.320913 0.578125 0.15625 0.252404 0.957803
14 0.441106 0.331731 0.266827 0.115385 0.958003
12 0.421875 0.534856 0.247596 0.180288 0.959528
7 0.658654 0.557692 0.25 0.221154 0.961284
5 0.438702 0.141827 0.314904 0.283654 0.964654
6 0.552885 0.758413 0.375 0.305288 0.969855
