10 0.436298 0.325721 0.15625 0.103365 0.926194
13 0.667067 0.388221 0.0985577 0.103365 0.941032
0 0.854567 0.444712 0.290865 0.235577 0.942701
5 0.407452 0.611779 0.372596 0.300481 0.953621
3 0.43149 0.4375 0.146635 0.105769 0.953905
12 0.667067 0.645433 0.180288 0.252404 0.954758
9 0.141827 0.657452 0.216346 0.233173 0.955473
14 0.582933 0.371394 0.122596 0.300481 0.960534
15 0.717548 0.274038 0.170673 0.120192 0.962795
7 0.758413 0.61899 0.237981 0.295673 0.96611
6 0.194712 0.43149 0.389423 0.34375 0.970866
