7 0.301683 0.487981 0.122596 0.269231 0.930284
10 0.737981 0.353365 0.0961538 0.144231 0.930737
0 0.247596 0.383413 0.168269 0.271635 0.938616
15 0.629808 0.310096 0.125 0.100962 0.944616
3 0.52524 0.271635 0.146635 0.115385 0.945252
12 0.609375 0.600962 0.127404 0.264423 0.947928
14 0.257212 0.671875 0.153846 0.223558 0.949888
5 0.469952 0.526442 0.310096 0.317308 0.950098
13 0.701923 0.611779 0.100962 0.0985577 0.954022
9 0.417067 0.676683 0.233173 0.137019 0.95462
6 0.52524 0.372596 0.387019 0.197115 0.971818
