12 0.639423 0.68149 0.110577 0.223558 0.52655
2 0.502404 0.728365 0.0913462 0.144231 0.882026
10 0.53726 0.453125 0.0793269 0.117788 0.908617
12 0.573317 0.669471 0.0697115 0.21875 0.912394
6 0.614183 0.272837 0.103365 0.34375 0.923543
13 0.501202 0.611779 0.0793269 0.0889423 0.92767
14 0.646635 0.6875 0.105769 0.211538 0.928928
7 0.5 0.260817 0.0769231 0.262019 0.930885
3 0.596154 0.526442 0.110577 0.0865385 0.934279
15 0.734375 0.566106 0.0889423 0.108173 0.941267
9 0.36899 0.561298 0.189904 0.146635 0.942927
0 0.365385 0.426683 0.245192 0.180288 0.946778
5 0.34976 0.739183 0.262019 0.314904 0.96156
8 0.563702 0.848558 0.257212 0.139423 0.966928
