10 0.710337 0.634615 0.180288 0.0769231 0.908197
11 0.402644 0.581731 0.0985577 0.173077 0.931944
3 0.609375 0.710337 0.161058 0.122596 0.93582
2 0.329327 0.513221 0.192308 0.199519 0.939622
12 0.180288 0.418269 0.105769 0.288462 0.949205
3 0.286058 0.685096 0.125 0.158654 0.950132
15 0.507212 0.585337 0.158654 0.165865 0.950562
6 0.105769 0.549279 0.211538 0.415865 0.952549
7 0.438702 0.352163 0.329327 0.165865 0.954971
14 0.675481 0.463942 0.177885 0.283654 0.958949
9 0.554087 0.501202 0.228365 0.242788 0.961582
13 0.439904 0.703125 0.115385 0.122596 0.962741
8 0.753606 0.397837 0.300481 0.367788 0.968249
