9 0.603365 0.411058 0.201923 0.163462 0.351098
10 0.465144 0.280048 0.112981 0.0841346 0.418901
10 0.504808 0.308894 0.0769231 0.112981 0.854829
13 0.448317 0.27524 0.0745192 0.0745192 0.869134
0 0.728365 0.543269 0.149038 0.230769 0.879773
9 0.600962 0.276442 0.163462 0.115385 0.880259
6 0.620192 0.615385 0.105769 0.322115 0.912958
14 0.526442 0.56851 0.0961538 0.189904 0.918402
12 0.770433 0.378606 0.170673 0.141827 0.919356
3 0.405048 0.372596 0.122596 0.0913462 0.930106
7 0.600962 0.411058 0.197115 0.177885 0.942225
15 0.513221 0.393029 0.103365 0.108173 0.952696
5 0.393029 0.557692 0.247596 0.288462 0.968744
