10 0.609375 0.222356 0.0793269 0.170673 0.915396
3 0.715144 0.253606 0.137019 0.199519 0.931623
6 0.53726 0.884615 0.454327 0.230769 0.931974
3 0.697115 0.50601 0.134615 0.137019 0.93377
2 0.444712 0.548077 0.139423 0.235577 0.937078
7 0.298077 0.532452 0.168269 0.362981 0.938333
14 0.397837 0.19351 0.213942 0.310096 0.95357
8 0.341346 0.176683 0.25 0.353365 0.953904
3 0.551683 0.682692 0.165865 0.115385 0.956483
11 0.597356 0.545673 0.204327 0.168269 0.962244
9 0.467548 0.294471 0.204327 0.295673 0.964192
12 0.394231 0.78726 0.317308 0.132212 0.964684
15 0.578125 0.394231 0.185096 0.182692 0.967029
