2 0.717548 0.65625 0.137019 0.115385 0.407688
12 0.730769 0.90625 0.110577 0.163462 0.914934
11 0.722356 0.63101 0.117788 0.0793269 0.93729
10 0.5625 0.421875 0.149038 0.146635 0.943047
2 0.68149 0.729567 0.185096 0.161058 0.944834
7 0.581731 0.825721 0.216346 0.314904 0.949442
14 0.391827 0.560096 0.163462 0.302885 0.950335
3 0.668269 0.348558 0.173077 0.120192 0.954595
8 0.31851 0.590144 0.199519 0.372596 0.958778
9 0.522837 0.573317 0.141827 0.28125 0.959617
15 0.661058 0.546875 0.158654 0.108173 0.961103
