13 0.677885 0.479567 0.134615 0.132212 0.522644
10 0.542067 0.459135 0.122596 0.0673077 0.817405
9 0.598558 0.629808 0.230769 0.129808 0.914968
3 0.679087 0.475962 0.132212 0.125 0.917078
7 0.408654 0.71274 0.274038 0.0889423 0.921826
13 0.730769 0.555288 0.0961538 0.0913462 0.922687
12 0.264423 0.510817 0.105769 0.233173 0.925436
0 0.393029 0.360577 0.185096 0.245192 0.92642
14 0.63101 0.30649 0.247596 0.112981 0.945468
5 0.852163 0.424279 0.286058 0.358173 0.95382
6 0.448317 0.578125 0.387019 0.189904 0.959628
15 0.570913 0.389423 0.132212 0.125 0.967883
