10 0.664663 0.307692 0.127404 0.0769231 0.895408
0 0.501202 0.308894 0.247596 0.189904 0.908723
3 0.344952 0.317308 0.0985577 0.125 0.910819
15 0.641827 0.399038 0.125 0.144231 0.941356
12 0.473558 0.663462 0.153846 0.245192 0.947359
13 0.450721 0.415865 0.0985577 0.0961538 0.94942
5 0.177885 0.471154 0.298077 0.293269 0.956688
9 0.604567 0.600962 0.117788 0.254808 0.967159
14 0.354567 0.480769 0.112981 0.25 0.970142
6 0.75 0.390625 0.25 0.348558 0.973782
7 0.485577 0.50601 0.221154 0.266827 0.973994
