      0/99     4.88G   0.07997   0.03743   0.07361     0.191        53       416   0.05231    0.5559   0.07874   0.03178   0.04037   0.01577   0.06208
      1/99     4.84G   0.04791   0.02821   0.06865    0.1448        48       416   0.09877    0.5889    0.1547   0.08577   0.02937  0.009289   0.05777
      2/99     4.84G   0.04173   0.02244   0.06021    0.1244        53       416    0.2028    0.5531     0.305    0.1858   0.02711  0.007154   0.04888
      3/99     4.84G      0.04   0.01994   0.04931    0.1093        41       416    0.3497    0.6494    0.5276    0.3563   0.02302  0.005816   0.03933
      4/99     4.84G   0.03871    0.0185   0.03839    0.0956        26       416    0.5548    0.6456    0.7031    0.4473   0.02601  0.005569   0.03077
      5/99     4.84G   0.04201   0.01817   0.02883   0.08901        55       416    0.5052    0.8493    0.7617    0.4427   0.02764  0.005381   0.02391
      6/99     4.84G   0.04329   0.01822   0.02252   0.08403        49       416    0.7473    0.8599    0.8906     0.577   0.02679  0.005385     0.017
      7/99     4.84G   0.04031   0.01776   0.01782   0.07589        32       416    0.8423    0.8976    0.9407    0.6319   0.02458  0.004981   0.01363
      8/99     4.84G   0.03752   0.01778   0.01539   0.07069        53       416    0.8897    0.8823    0.9311    0.6084   0.02335  0.005848   0.01154
      9/99     4.84G   0.03693   0.01725   0.01344   0.06762        42       416    0.8283    0.8822    0.9076    0.6088   0.02577  0.006044   0.01102
     10/99     4.84G   0.03432   0.01765   0.01363    0.0656        39       416    0.8773    0.8158    0.8708    0.5925   0.02275   0.00684   0.01108
     11/99     4.84G   0.03348   0.01824   0.01308    0.0648        49       416    0.8501    0.8501    0.8936    0.6118   0.02293  0.005978    0.0133
     12/99     4.84G   0.03247   0.01766    0.0134   0.06353        42       416    0.9262    0.8932    0.9544    0.7153   0.02069  0.005166  0.007054
     13/99     4.84G   0.03044   0.01767   0.01138   0.05949        42       416    0.7259    0.7535    0.7951    0.5542   0.02506  0.009226   0.01172
     14/99     4.84G   0.02937   0.01671   0.01033   0.05641        23       416    0.9237    0.9472    0.9606    0.7553   0.01745   0.00519  0.005064
     15/99     4.84G   0.02882   0.01664   0.01022   0.05568        53       416    0.9344    0.9404    0.9589    0.7383   0.01838  0.005174  0.004194
     16/99     4.84G   0.02767   0.01642  0.009543   0.05364        42       416    0.9397    0.9205    0.9637    0.7494   0.01797  0.005309  0.004053
     17/99     4.84G     0.028   0.01607  0.009146   0.05322        44       416    0.9208    0.9302    0.9672    0.7531   0.01802   0.00557   0.00489
     18/99     4.84G   0.02728   0.01628  0.008826   0.05239        55       416    0.9483    0.9497    0.9721    0.7688   0.01631   0.00504  0.005591
     19/99     4.84G    0.0265   0.01587  0.008247   0.05062        43       416    0.9388    0.9398     0.973    0.7752   0.01618  0.005097  0.004228
     20/99     4.84G   0.02616   0.01533  0.008366   0.04986        43       416    0.9326    0.9532    0.9712    0.7883   0.01653  0.004891  0.004051
     21/99     4.84G   0.02572   0.01567  0.007404    0.0488        54       416    0.9373    0.9318    0.9685    0.7706   0.01515  0.004715  0.004392
     22/99     4.84G   0.02603   0.01553  0.007919   0.04948        38       416    0.9561     0.971    0.9795    0.7605   0.01671  0.004865  0.003275
     23/99     4.84G   0.02469   0.01533  0.007256   0.04727        40       416    0.9536     0.956    0.9767     0.778   0.01611  0.004972  0.002885
     24/99     4.84G   0.02441   0.01483  0.007019   0.04627        40       416    0.9463    0.9836    0.9803    0.8067   0.01467  0.004457   0.00298
     25/99     4.84G   0.02438   0.01466  0.006761    0.0458        36       416     0.947    0.9383    0.9691     0.774   0.01446  0.004436  0.005921
     26/99     4.84G   0.02412   0.01477  0.006828   0.04571        43       416    0.9597    0.9709    0.9794    0.8011   0.01518  0.004261  0.002334
     27/99     4.84G   0.02353   0.01438  0.006563   0.04447        53       416    0.9477    0.9684    0.9798    0.8052   0.01466  0.004485   0.00316
     28/99     4.84G    0.0228   0.01451  0.006371   0.04368        58       416    0.9453    0.9765    0.9799    0.8044    0.0147  0.004509  0.002715
     29/99     4.84G   0.02311   0.01419  0.006332   0.04363        48       416    0.9741    0.9453    0.9796    0.8016   0.01424  0.004275  0.002684
     30/99     4.84G   0.02281   0.01402  0.006035   0.04287        44       416    0.9677    0.9712      0.98    0.8156   0.01437  0.004259  0.002413
     31/99     4.84G   0.02281   0.01428  0.006266   0.04336        43       416    0.9772    0.9642    0.9794    0.8051   0.01538  0.004249  0.002373
     32/99     4.84G   0.02219   0.01413  0.005732   0.04206        46       416    0.9739    0.9633    0.9797    0.8134   0.01383  0.004119  0.002737
     33/99     4.84G    0.0222    0.0141  0.005842   0.04215        33       416    0.9769    0.9695    0.9859    0.8193   0.01383  0.003991  0.001935
     34/99     4.84G   0.02165   0.01425  0.005459   0.04135        53       416    0.9682     0.972    0.9827    0.8234   0.01326  0.004107  0.001889
     35/99     4.84G   0.02157   0.01383  0.005577   0.04098        37       416     0.949    0.9769    0.9712    0.8197   0.01398  0.004249  0.002134
     36/99     4.84G   0.02115   0.01345  0.005422   0.04002        35       416    0.9675    0.9715    0.9832    0.8291    0.0137  0.003973  0.002241
     37/99     4.84G   0.02099   0.01362  0.005383   0.03999        37       416    0.9569    0.9606    0.9762    0.8241   0.01393  0.004149  0.002589
     38/99     4.84G   0.02126   0.01346   0.00545   0.04016        38       416    0.9597    0.9656    0.9833    0.8296   0.01311  0.003952  0.002163
     39/99     4.84G    0.0207    0.0132  0.004877   0.03878        54       416    0.9661    0.9722    0.9856    0.8259   0.01411  0.004109   0.00239
     40/99     4.84G   0.02047   0.01312  0.004522   0.03812        46       416    0.9724    0.9638    0.9821    0.8204   0.01286   0.00406  0.001953
     41/99     4.84G   0.02036   0.01312  0.004953   0.03844        35       416    0.9704    0.9783    0.9857    0.8412   0.01321  0.003864  0.001895
     42/99     4.84G    0.0201   0.01313  0.004897   0.03813        42       416    0.9644     0.977     0.984     0.841   0.01218  0.003923  0.001611
     43/99     4.84G   0.01968    0.0131  0.004416   0.03719        59       416    0.9781    0.9725    0.9844    0.8567    0.0124  0.003854  0.001819
     44/99     4.84G    0.0195   0.01263  0.004288   0.03642        39       416    0.9685    0.9915    0.9847    0.8442   0.01226  0.003839  0.001502
     45/99     4.84G   0.01919    0.0125  0.004285   0.03598        42       416    0.9763    0.9829    0.9863    0.8465   0.01295   0.00378  0.001655
     46/99     4.84G   0.01942   0.01283  0.004483   0.03674        42       416    0.9555    0.9796     0.983     0.838   0.01311  0.003872  0.001863
     47/99     4.84G   0.01873   0.01239  0.004449   0.03557        39       416     0.973    0.9795    0.9862    0.8468   0.01233  0.003814   0.00148
     48/99     4.84G   0.01886   0.01255  0.003903   0.03532        45       416    0.9759     0.967    0.9838    0.8433   0.01176  0.003872  0.001569
     49/99     4.84G   0.01855    0.0124   0.00444   0.03539        62       416    0.9702    0.9787    0.9849     0.836   0.01255  0.003917  0.001641
     50/99     4.84G   0.01861   0.01211  0.004331   0.03506        35       416    0.9639    0.9755    0.9854    0.8523   0.01228  0.003984  0.001787
     51/99     4.84G   0.01845   0.01227  0.004199   0.03491        52       416    0.9676    0.9761    0.9828     0.849   0.01224  0.003877  0.001427
     52/99     4.84G   0.01828   0.01242  0.003904    0.0346        26       416    0.9663    0.9925    0.9842    0.8495   0.01237  0.003837  0.001434
     53/99     4.84G   0.01825   0.01205  0.003828   0.03413        38       416    0.9762    0.9718    0.9858    0.8514   0.01263  0.003836  0.001523
     54/99     4.84G    0.0176   0.01184  0.003929   0.03337        22       416    0.9784    0.9663    0.9825    0.8465   0.01253  0.003874  0.001415
     55/99     4.84G    0.0176   0.01207  0.004009   0.03367        55       416    0.9692    0.9775    0.9832    0.8533   0.01164  0.003865  0.001217
     56/99     4.84G   0.01733   0.01202  0.003547    0.0329        56       416    0.9743    0.9619    0.9793     0.847   0.01208  0.003811  0.001281
     57/99     4.84G   0.01717   0.01176  0.003808   0.03274        32       416     0.981    0.9782    0.9807    0.8463   0.01171  0.003775  0.001315
     58/99     4.84G   0.01705   0.01167  0.003618   0.03234        33       416    0.9696    0.9842    0.9826    0.8509    0.0115  0.003715  0.001196
     59/99     4.84G    0.0167    0.0115  0.003672   0.03188        39       416    0.9807    0.9807    0.9822     0.855   0.01244  0.003694  0.001103
     60/99     4.84G   0.01695   0.01162  0.003518   0.03209        44       416    0.9797     0.973     0.978    0.8538   0.01237  0.003777  0.001171
     61/99     4.84G   0.01669   0.01139  0.003566   0.03164        49       416    0.9756    0.9803    0.9855    0.8598   0.01234  0.003588  0.001074
     62/99     4.84G   0.01661   0.01108  0.003474   0.03117        32       416    0.9801     0.983     0.988    0.8604   0.01155  0.003587  0.001082
     63/99     4.84G    0.0163   0.01133  0.003205   0.03083        61       416    0.9749    0.9805    0.9881    0.8663   0.01125  0.003543  0.001133
     64/99     4.84G   0.01658   0.01105  0.003139   0.03077        69       416    0.9772    0.9765    0.9848    0.8606   0.01174   0.00356  0.001012
     65/99     4.84G   0.01655   0.01149  0.003078   0.03112        56       416    0.9708     0.983    0.9852    0.8661   0.01112  0.003571 0.0009811
     66/99     4.84G   0.01617   0.01117  0.003819   0.03116        48       416     0.966    0.9849     0.986    0.8709   0.01081  0.003623  0.001176
     67/99     4.84G   0.01601   0.01128  0.003335   0.03063        47       416    0.9699    0.9861    0.9829     0.864   0.01138  0.003615  0.001074
     68/99     4.84G   0.01581     0.011  0.003337   0.03014        63       416    0.9707    0.9836    0.9859    0.8701   0.01119  0.003484  0.001029
     69/99     4.84G   0.01569   0.01096   0.00315    0.0298        43       416    0.9817    0.9742     0.983    0.8666   0.01095  0.003606 0.0008737
     70/99     4.84G   0.01594   0.01099  0.003067   0.02999        45       416    0.9749    0.9631    0.9859    0.8633    0.0116    0.0036  0.001142
     71/99     4.84G   0.01533   0.01071  0.003019   0.02905        45       416    0.9746    0.9818    0.9872    0.8639   0.01093  0.003611 0.0008676
     72/99     4.84G   0.01513   0.01081  0.002758    0.0287        53       416    0.9635     0.981    0.9865    0.8701   0.01097  0.003542 0.0009222
     73/99     4.84G   0.01496   0.01064  0.002942   0.02855        70       416    0.9696    0.9846    0.9885    0.8645   0.01089  0.003485 0.0008446
     74/99     4.84G   0.01495   0.01081  0.002885   0.02864        62       416    0.9698    0.9804    0.9872     0.868   0.01104  0.003593 0.0008298
     75/99     4.84G   0.01471   0.01069  0.002927   0.02832        43       416    0.9691    0.9801    0.9877    0.8727   0.01069  0.003515 0.0008062
     76/99     4.84G    0.0146   0.01023  0.002836   0.02767        42       416    0.9729    0.9779    0.9862    0.8745   0.01082  0.003537 0.0009403
     77/99     4.84G   0.01453   0.01053  0.002637   0.02769        44       416    0.9818    0.9756    0.9878    0.8771   0.01109  0.003504 0.0007929
     78/99     4.84G   0.01461  0.009849  0.002651   0.02711        43       416    0.9817    0.9712    0.9851    0.8699   0.01153  0.003623 0.0008704
     79/99     4.84G   0.01422   0.01041  0.002577    0.0272        39       416    0.9788    0.9768    0.9878    0.8774   0.01125  0.003508 0.0007786
     80/99     4.84G   0.01418   0.01006  0.002587   0.02682        37       416    0.9793    0.9779    0.9873    0.8735   0.01121   0.00345  0.000732
     81/99     4.84G   0.01408   0.01007  0.002389   0.02654        49       416    0.9772    0.9756    0.9852    0.8723    0.0108  0.003391 0.0007555
     82/99     4.84G   0.01408   0.01007  0.002536   0.02669        66       416    0.9763    0.9799    0.9854    0.8769    0.0112   0.00344 0.0006766
     83/99     4.84G   0.01382  0.009985  0.002451   0.02625        56       416    0.9677    0.9837    0.9831     0.872   0.01086  0.003402 0.0006994
     84/99     4.84G   0.01394  0.009808  0.002492   0.02624        38       416     0.975    0.9756     0.986    0.8719   0.01045  0.003506 0.0007819
     85/99     4.84G   0.01399  0.009992   0.00241   0.02639        36       416    0.9725    0.9688    0.9847     0.872   0.01078  0.003551 0.0006661
     86/99     4.84G   0.01393   0.01003   0.00251   0.02647        43       416     0.962    0.9851    0.9839    0.8785   0.01052  0.003423 0.0006898
     87/99     4.84G   0.01364  0.009923  0.002278   0.02584        75       416    0.9754    0.9746    0.9869    0.8724   0.01083  0.003483 0.0007758
     88/99     4.84G   0.01372  0.009923  0.002433   0.02607        41       416    0.9801    0.9769    0.9859    0.8728   0.01042  0.003524 0.0006171
     89/99     4.84G    0.0135  0.009655  0.002212   0.02537        31       416     0.975    0.9772     0.988    0.8738   0.01049  0.003521 0.0007173
     90/99     4.84G   0.01366  0.009788  0.002439   0.02589        50       416    0.9786     0.978    0.9879    0.8737   0.01059  0.003483 0.0006575
     91/99     4.84G   0.01346  0.009902  0.002293   0.02566        53       416    0.9719    0.9791    0.9864     0.874   0.01049  0.003599 0.0006349
     92/99     4.84G   0.01356  0.009971  0.002483   0.02601        39       416    0.9769    0.9783    0.9862    0.8759   0.01024   0.00353 0.0006607
     93/99     4.84G   0.01333  0.009604  0.002255   0.02519        45       416    0.9794    0.9794    0.9869    0.8765   0.01055  0.003563 0.0006363
     94/99     4.84G   0.01324  0.009521  0.002153   0.02491        51       416    0.9737    0.9766    0.9846    0.8702   0.01047   0.00354 0.0006485
     95/99     4.84G   0.01331  0.009771  0.002265   0.02535        44       416    0.9805    0.9783    0.9843    0.8697    0.0106  0.003469 0.0006496
     96/99     4.84G   0.01314  0.009574  0.002352   0.02506        36       416    0.9757    0.9743    0.9867    0.8754   0.01042  0.003531 0.0006028
     97/99     4.84G   0.01338  0.009583  0.002352   0.02531        45       416    0.9816    0.9767    0.9843     0.874   0.01037  0.003501 0.0006428
     98/99     4.84G   0.01327   0.00964   0.00233   0.02524        44       416    0.9836    0.9702    0.9863    0.8749   0.01046  0.003416 0.0006899
     99/99     4.84G    0.0131  0.009285  0.002296   0.02468        36       416    0.9774    0.9759    0.9847    0.8747   0.01035  0.003487  0.000678
