      0/99     1.68G     0.106   0.02559   0.05736    0.1889        19       416   0.01863    0.1086   0.01007  0.001952   0.07149    0.0168   0.05337
      1/99     2.63G   0.08046   0.03115   0.05398    0.1656        22       416     0.113    0.3324   0.09456   0.02626   0.05473   0.01722   0.04891
      2/99     2.63G   0.06471   0.03067   0.05064     0.146        18       416    0.2579     0.519    0.3248    0.1432   0.04287   0.01461   0.04571
      3/99     2.63G   0.05485   0.02758   0.04802    0.1305        31       416    0.3619    0.4415    0.3641    0.1427   0.04032   0.01276   0.04208
      4/99     2.63G      0.05   0.02358   0.04511    0.1187        24       416     0.391    0.6185    0.4685    0.2152     0.037   0.01002   0.03793
      5/99     2.63G   0.04777    0.0222   0.03934    0.1093        24       416    0.5496    0.6204    0.6111    0.1897   0.04503   0.00865   0.02856
      6/99     2.63G   0.04711   0.02065   0.03236    0.1001        35       416    0.7548    0.7996    0.8268    0.4274   0.03463  0.008031   0.02116
      7/99     2.63G   0.04639   0.01933    0.0266   0.09233        28       416    0.6489    0.8531    0.8226     0.377   0.03522  0.007588   0.01442
      8/99     2.63G   0.04553   0.01738   0.02063   0.08354        16       416    0.6296    0.8862    0.7575    0.3656   0.03592  0.007219  0.009545
      9/99     2.63G   0.04535    0.0177   0.01579   0.07884        29       416    0.8422    0.8774    0.9293    0.5836   0.03248  0.006898  0.006284
     10/99     2.63G   0.04536   0.01696   0.01188   0.07421        30       416    0.6725    0.8932    0.8424    0.4766   0.03315  0.006573  0.005258
     11/99     2.63G   0.04344   0.01597   0.01008   0.06948        20       416    0.7493    0.8519    0.8602    0.5585   0.03546  0.006215   0.00416
     12/99     2.63G   0.04186   0.01702  0.009052   0.06793        34       416    0.7302    0.8962    0.8772    0.5177   0.02998  0.006112  0.003699
     13/99     2.63G   0.04108   0.01643  0.008073   0.06558        24       416    0.8583    0.8952    0.9323    0.6247   0.03084  0.006038  0.003203
     14/99     2.63G   0.03922   0.01579  0.007166   0.06217        21       416    0.7514    0.8459    0.8799    0.5182   0.03324  0.005947  0.003036
     15/99     2.63G   0.03873   0.01548  0.006663   0.06087        21       416    0.8783    0.8652     0.931    0.6002     0.031  0.005982  0.002875
     16/99     2.63G   0.03725   0.01482   0.00629   0.05836        17       416    0.7947    0.9465     0.959    0.6224   0.02807  0.005843  0.003088
     17/99     2.63G   0.03704   0.01475  0.006934   0.05873        18       416    0.8714     0.853    0.9258    0.6078   0.03097  0.005691  0.003468
     18/99     2.63G   0.04196   0.01544  0.006666   0.06406        19       416    0.9177    0.9254    0.9741    0.6264   0.02574  0.005836  0.003148
     19/99     2.63G   0.04312   0.01492  0.006984   0.06502        24       416    0.8282    0.8821    0.8944    0.5353   0.02959  0.005918  0.003114
     20/99     2.63G   0.04118   0.01586  0.006631   0.06368        29       416    0.9225    0.9127     0.966    0.6847   0.02444  0.005558  0.003453
     21/99     2.63G   0.04126   0.01492  0.006311   0.06249        25       416    0.9137     0.944     0.963    0.6514   0.02903  0.005708  0.003408
     22/99     2.63G   0.03995   0.01506   0.00571   0.06072        20       416    0.9491    0.9602    0.9736    0.7131    0.0234  0.005472  0.002856
     23/99     2.63G   0.03824   0.01512  0.006347   0.05971        25       416    0.9369    0.9615    0.9747     0.707   0.02389  0.005298  0.002515
     24/99     2.63G   0.03606   0.01426  0.005818   0.05614        19       416    0.9431     0.965    0.9825    0.6943   0.02324  0.005372   0.00266
     25/99     2.63G   0.03629   0.01399  0.005704   0.05598        18       416    0.9824    0.9528    0.9839    0.7381   0.02176  0.005342   0.00242
     26/99     2.63G   0.03383   0.01394  0.004969   0.05274        21       416    0.9514    0.9493    0.9795    0.7171   0.02121  0.005372   0.00262
     27/99     2.63G   0.03509     0.014  0.005266   0.05435        21       416    0.9865    0.9511    0.9869    0.7197   0.02336  0.005534   0.00263
     28/99     2.63G   0.03281   0.01414  0.005837   0.05278        12       416    0.9122    0.9369    0.9503    0.7119   0.02581  0.005957  0.002601
     29/99     2.63G   0.03423   0.01466  0.005594   0.05448        27       416    0.9678    0.9727    0.9879    0.7066   0.02401  0.005396  0.002095
     30/99     2.63G   0.03329   0.01456  0.006128   0.05398        18       416    0.9567    0.9445    0.9793    0.7388   0.02256   0.00585  0.004084
     31/99     2.63G   0.03102   0.01469  0.005939   0.05165        21       416    0.9018    0.9084    0.9538    0.7213   0.02258  0.006027  0.004936
     32/99     2.63G   0.03271   0.01488  0.005658   0.05325        22       416     0.896    0.8961    0.9449    0.6712   0.02293  0.006587  0.002294
     33/99     2.63G   0.03183   0.01407  0.005102     0.051        22       416    0.9936    0.9659    0.9863    0.7423   0.02287  0.005284   0.00209
     34/99     2.63G   0.02982   0.01404  0.005028   0.04889        25       416    0.9545    0.9682    0.9876    0.7756   0.02141  0.005218  0.001855
     35/99     2.63G   0.03062   0.01416  0.005965   0.05074        20       416    0.9255    0.9185    0.9565    0.7081   0.02069  0.006537  0.003028
     36/99     2.63G   0.03034   0.01443  0.005331    0.0501        20       416    0.8871    0.9126    0.9332    0.6549   0.02413   0.00847  0.002078
     37/99     2.63G   0.03007   0.01444   0.00568   0.05019        19       416    0.9411     0.903    0.9668    0.7353   0.02145  0.005806  0.004364
     38/99     2.63G   0.02798   0.01369  0.005627   0.04729        17       416    0.9893    0.9608    0.9853    0.7674   0.01944  0.005193  0.001891
     39/99     2.63G    0.0283   0.01402  0.004423   0.04675        22       416    0.9794    0.9546    0.9846    0.7724   0.01974  0.005028  0.001871
     40/99     2.63G   0.02743   0.01396  0.004517    0.0459        23       416    0.9711    0.9487    0.9808    0.7651   0.01736  0.005436  0.001674
     41/99     2.63G   0.02739   0.01355  0.003987   0.04492        15       416    0.9611    0.9411    0.9783    0.7779   0.01706  0.005259  0.002545
     42/99     2.63G   0.02668    0.0139  0.004625    0.0452        26       416    0.9896     0.959    0.9875     0.798   0.01745  0.005171  0.001717
     43/99     2.63G   0.02655   0.01343  0.004128   0.04411        23       416    0.9741    0.9624    0.9865    0.7829   0.01808  0.005139  0.001341
     44/99     2.63G    0.0267   0.01344  0.004299   0.04444        23       416    0.9914     0.947    0.9885    0.8056   0.01622  0.005088  0.001591
     45/99     2.63G   0.02505   0.01364  0.004362   0.04306        14       416    0.9768    0.9678     0.989    0.8085   0.01628  0.004883  0.001432
     46/99     2.63G   0.02523   0.01361  0.004012   0.04285        23       416    0.9527    0.9435    0.9663    0.7725   0.01878  0.005814  0.002015
     47/99     2.63G   0.02597   0.01347  0.004362    0.0438        16       416    0.9927    0.9736    0.9882    0.8121   0.01631  0.004824  0.001288
     48/99     2.63G   0.02497   0.01347  0.003446   0.04189        35       416     0.972    0.9743    0.9889    0.8463   0.01561  0.004639  0.001239
     49/99     2.63G   0.02465   0.01306  0.003575   0.04129        28       416    0.9789    0.9712    0.9871    0.8233   0.01588  0.004809   0.00131
     50/99     2.63G   0.02394   0.01272  0.003052   0.03971        29       416    0.9766    0.9764    0.9889    0.8207   0.01542  0.004663  0.001242
     51/99     2.63G   0.02316   0.01254  0.002956   0.03866        26       416    0.9935    0.9701    0.9882     0.838    0.0164  0.004454  0.001254
     52/99     2.63G   0.02302    0.0123  0.002546   0.03787        21       416     0.981    0.9785    0.9883    0.8372   0.01427  0.004543  0.001227
     53/99     2.63G   0.02236   0.01159  0.002879   0.03683        15       416     0.993    0.9782    0.9898    0.8251   0.01447  0.004323  0.001245
     54/99     2.63G   0.02151   0.01168  0.002489   0.03568        23       416    0.9883    0.9826    0.9899    0.8448   0.01297  0.004321  0.001029
     55/99     2.63G   0.02203   0.01254  0.002788   0.03735        32       416    0.9907    0.9709    0.9905    0.8506   0.01241  0.004256  0.001195
     56/99     2.63G   0.02179   0.01212  0.001862   0.03577        22       416    0.9879    0.9696    0.9889     0.835   0.01421   0.00429  0.001126
     57/99     2.63G   0.02152   0.01215  0.002358   0.03604        31       416     0.986    0.9714    0.9848     0.841   0.01366  0.004334  0.001079
     58/99     2.63G   0.02076   0.01199  0.002638   0.03539        22       416    0.9926    0.9666    0.9868    0.8637   0.01222  0.004044  0.001055
     59/99     2.63G   0.02057   0.01181  0.002333   0.03471        17       416    0.9908    0.9812    0.9893    0.8493   0.01345  0.004215 0.0009062
     60/99     2.63G   0.02058   0.01176  0.003329   0.03566        17       416    0.9813    0.9818    0.9887    0.8503   0.01279  0.004329 0.0009679
     61/99     2.63G   0.02053   0.01184  0.002484   0.03485        27       416    0.9855    0.9731    0.9894    0.8511   0.01286  0.004124 0.0008657
     62/99     2.63G   0.02015   0.01147  0.002909   0.03453        19       416    0.9901    0.9732     0.989    0.8583   0.01392  0.004362 0.0007044
     63/99     2.63G   0.02018   0.01166  0.002571   0.03441        22       416    0.9911    0.9885    0.9914    0.8688   0.01236  0.003926 0.0007738
     64/99     2.63G   0.02013   0.01136   0.00235   0.03384        23       416    0.9896    0.9776    0.9899    0.8605   0.01257  0.004019 0.0009067
     65/99     2.63G   0.01865   0.01119  0.002187   0.03203        14       416    0.9956    0.9779    0.9916    0.8799   0.01168  0.003921 0.0008529
     66/99     2.63G   0.01914   0.01133  0.002027    0.0325        14       416    0.9935    0.9785    0.9909    0.8696   0.01181  0.003986 0.0007383
     67/99     2.63G   0.01934   0.01158   0.00205   0.03297        27       416    0.9908    0.9824    0.9911    0.8714   0.01145  0.003899 0.0007405
     68/99     2.63G   0.01833   0.01092  0.001642   0.03088        27       416    0.9942    0.9818    0.9904    0.8563   0.01278  0.004004 0.0008681
     69/99     2.63G   0.01876   0.01097  0.001776   0.03151        24       416    0.9987    0.9755    0.9897    0.8713   0.01172  0.003843 0.0007963
     70/99     2.63G   0.01798    0.0111  0.002271   0.03135        24       416    0.9951    0.9761      0.99     0.879   0.01151  0.003836 0.0007062
     71/99     2.63G   0.01818   0.01124  0.001615   0.03103        36       416    0.9911    0.9816    0.9908    0.8707   0.01186  0.003781 0.0006268
     72/99     2.63G   0.01828   0.01066  0.001438   0.03039        17       416    0.9959    0.9811    0.9918    0.8816   0.01149   0.00376 0.0006258
     73/99     2.63G   0.01812   0.01101  0.001746   0.03088        23       416    0.9937    0.9773    0.9904    0.8807   0.01166  0.003812 0.0007788
     74/99     2.63G   0.01806   0.01134  0.001603   0.03101        35       416    0.9933    0.9819    0.9921    0.8883   0.01114  0.003698 0.0006393
     75/99     2.63G   0.01772   0.01088  0.001671   0.03027        30       416    0.9926    0.9811     0.992    0.8816   0.01099  0.003735 0.0006835
     76/99     2.63G   0.01665   0.01058  0.001417   0.02864        19       416     0.992    0.9834    0.9908    0.8905   0.01037  0.003552 0.0005973
     77/99     2.63G   0.01676   0.01004  0.001667   0.02847        17       416    0.9978    0.9747     0.989    0.8957   0.01043  0.003597 0.0006261
     78/99     2.63G   0.01733   0.01034   0.00183    0.0295        20       416     0.991     0.978    0.9905    0.8893   0.01102  0.003654 0.0006217
     79/99     2.63G   0.01618   0.01012  0.001277   0.02758        19       416    0.9957    0.9797    0.9907    0.8872   0.01098  0.003611  0.000626
     80/99     2.63G   0.01692   0.00972  0.001473   0.02811        21       416    0.9948    0.9814    0.9889    0.8895   0.01092  0.003653 0.0006233
     81/99     2.63G   0.01641   0.01045   0.00121   0.02807        25       416    0.9957    0.9814    0.9904    0.8962   0.01063  0.003562 0.0005835
     82/99     2.63G   0.01595  0.009821  0.001683   0.02746        10       416    0.9898    0.9807    0.9902    0.9031   0.01077  0.003516 0.0005671
     83/99     2.63G   0.01647   0.01049  0.001464   0.02842        29       416    0.9935    0.9819    0.9905    0.8986   0.01019  0.003555 0.0005623
     84/99     2.63G   0.01608  0.009946  0.001528   0.02756        18       416    0.9891    0.9825     0.989    0.9035  0.009733  0.003525 0.0005823
     85/99     2.63G   0.01606   0.01004  0.001324   0.02743        23       416    0.9968    0.9812    0.9897    0.9032   0.01011  0.003459 0.0004982
     86/99     2.63G   0.01579  0.009971  0.001377   0.02714        21       416    0.9914    0.9866    0.9911    0.8981   0.01004  0.003544 0.0004544
     87/99     2.63G   0.01613  0.009956  0.001219   0.02731        26       416    0.9944    0.9792    0.9931     0.898   0.01015  0.003504 0.0005429
     88/99     2.63G   0.01601   0.01012  0.001153   0.02729        29       416     0.983     0.986    0.9932    0.8919   0.01048  0.003603 0.0006338
     89/99     2.63G   0.01499  0.009621  0.001251   0.02586        25       416     0.997    0.9819    0.9912    0.9051  0.009495  0.003457 0.0004823
     90/99     2.63G   0.01533  0.009938  0.001249   0.02652        23       416    0.9928    0.9811    0.9901    0.9133  0.009572  0.003408 0.0005297
     91/99     2.63G   0.01524  0.009524  0.001128   0.02589        10       416    0.9949    0.9814    0.9913    0.9071  0.009568   0.00353 0.0004721
     92/99     2.63G   0.01487  0.009968  0.001064    0.0259        21       416    0.9938    0.9837    0.9923    0.9061  0.009771  0.003438 0.0004609
     93/99     2.63G   0.01512  0.009505  0.001157   0.02578        22       416    0.9951    0.9799    0.9897    0.9095  0.009394  0.003327 0.0004493
     94/99     2.63G   0.01476  0.009816  0.001059   0.02564        21       416    0.9923    0.9831     0.991    0.9046  0.009843  0.003476 0.0004059
     95/99     2.63G   0.01535   0.00977 0.0009864    0.0261        29       416    0.9902    0.9838    0.9901    0.8947  0.009707  0.003426 0.0004091
     96/99     2.63G   0.01502  0.009581 0.0008519   0.02546        16       416    0.9922    0.9816    0.9934    0.9065  0.009682  0.003569 0.0004203
     97/99     2.63G   0.01501  0.009456  0.001032    0.0255        21       416     0.995    0.9842    0.9914    0.9058  0.009602  0.003533 0.0004159
     98/99     2.63G   0.01496   0.00943  0.001013    0.0254        22       416    0.9967    0.9857    0.9892    0.9034  0.009459  0.003524 0.0003922
     99/99     2.63G    0.0148   0.00934  0.001154   0.02529        27       416     0.991    0.9899    0.9906    0.8995  0.009785    0.0035 0.0003921
