      0/99     4.88G   0.09806   0.02576   0.07514     0.199        31       416  0.007696      0.11  0.005481  0.001501   0.06395   0.01641   0.06535
      1/99     4.84G   0.07076   0.03004   0.07244    0.1732        18       416   0.05881    0.3698   0.07418   0.03818   0.04324    0.0152   0.06161
      2/99     4.84G   0.05394    0.0268   0.06936    0.1501        29       416    0.0639    0.5121    0.1134   0.05986   0.03495   0.01166   0.05765
      3/99     4.84G   0.04656   0.02129   0.06697    0.1348        22       416    0.1039    0.4344     0.149   0.08766   0.03148  0.009037   0.05423
      4/99     4.84G   0.04349   0.01964    0.0654    0.1285        26       416    0.1191    0.5324    0.2167    0.1291   0.02926  0.007818   0.05132
      5/99     4.84G   0.04096    0.0175   0.06225    0.1207        26       416    0.1549    0.6733    0.2902     0.159   0.03058  0.006955   0.04616
      6/99     4.84G   0.03938   0.01677   0.05865    0.1148        36       416     0.396    0.4411     0.379    0.2136   0.02923  0.006911     0.042
      7/99     4.84G   0.03775   0.01493   0.05544    0.1081        31       416    0.4497    0.4415    0.4654    0.2967   0.02575   0.00675   0.03923
      8/99     4.84G   0.03818    0.0142   0.05205    0.1044        24       416    0.6131    0.4237    0.5228    0.3171   0.02771   0.00597   0.03468
      9/99     4.84G   0.03679   0.01389   0.04714   0.09782        23       416    0.5022    0.5127    0.5139    0.2915   0.02896   0.00596   0.02952
     10/99     4.84G   0.03668    0.0129   0.04374   0.09331        19       416    0.7992    0.4794     0.624    0.3546   0.02805  0.005576   0.02535
     11/99     4.84G   0.03726   0.01329   0.03911   0.08966        36       416    0.7076    0.6774    0.7322    0.4529   0.02865  0.005538   0.02134
     12/99     4.84G   0.03825   0.01256   0.03335   0.08416        21       416    0.7621     0.642    0.7519    0.4516   0.03342  0.005354   0.01719
     13/99     4.84G   0.04524   0.01249   0.03184   0.08957        22       416    0.5337    0.8373    0.7793    0.4908   0.03337   0.00538   0.01637
     14/99     4.84G   0.04411   0.01273   0.02853   0.08538        21       416    0.7774    0.8714    0.8968    0.5872   0.02776  0.005259   0.01451
     15/99     4.84G   0.04192   0.01264   0.02554   0.08009        30       416    0.7097    0.9254    0.8925    0.5575   0.02888  0.005114   0.01199
     16/99     4.84G   0.04104   0.01291   0.02221   0.07616        19       416    0.8391    0.8575    0.9206    0.6112   0.02582  0.005623   0.01005
     17/99     4.84G   0.03986   0.01229   0.02085   0.07301        18       416    0.7817    0.8925     0.924    0.6098   0.02896  0.005154  0.009059
     18/99     4.84G   0.04006   0.01223   0.01822   0.07052        26       416    0.7437    0.8809     0.911    0.6142   0.02812  0.005333  0.009776
     19/99     4.84G    0.0383   0.01277   0.01713    0.0682        27       416    0.8231    0.8795    0.9033    0.5961   0.02872  0.005176  0.008472
     20/99     4.84G   0.03955   0.01242   0.01616   0.06812        24       416    0.8272    0.8591    0.9075    0.6195   0.02858  0.005213  0.009336
     21/99     4.84G   0.03814   0.01294   0.01575   0.06683        14       416    0.7891    0.9513    0.9251    0.6529   0.02611  0.005167  0.006562
     22/99     4.84G   0.03803    0.0131    0.0173   0.06843        24       416    0.7987    0.8978    0.9224    0.6218   0.02707  0.006565  0.008037
     23/99     4.84G    0.0353    0.0125   0.01552   0.06331        22       416    0.7816    0.8873    0.9134    0.5801   0.02723  0.005711  0.007202
     24/99     4.84G   0.03521   0.01229   0.01677   0.06426        24       416    0.6971    0.7934    0.8701    0.5731   0.02688  0.005993   0.01643
     25/99     4.84G   0.03583   0.01325   0.01661   0.06568        13       416     0.752    0.8367    0.8707     0.557   0.02828  0.006707   0.01123
     26/99     4.84G    0.0355    0.0137   0.01762   0.06681        32       416    0.7893    0.8259    0.8724    0.5983   0.02743  0.006344   0.00843
     27/99     4.84G   0.03528   0.01354    0.0162   0.06502        25       416    0.7845    0.7947    0.8534    0.5798   0.02607  0.006249   0.01471
     28/99     4.84G    0.0334    0.0132   0.01684   0.06344        24       416    0.9115    0.9084    0.9533    0.6645   0.02364  0.005764  0.006776
     29/99     4.84G   0.03297   0.01268   0.01468   0.06033        30       416    0.8969    0.8952    0.9424    0.6768   0.02349  0.006058  0.005055
     30/99     4.84G   0.03292    0.0134   0.01331   0.05964        32       416    0.8872    0.8897    0.9432    0.6933   0.02157  0.005574  0.009975
     31/99     4.84G   0.03201   0.01233   0.01367   0.05801        25       416    0.8977    0.9164    0.9558    0.7144   0.02299  0.005508  0.006177
     32/99     4.84G   0.03035   0.01205   0.01146   0.05387        19       416    0.8883    0.9409    0.9593     0.691   0.02393  0.005419  0.006092
     33/99     4.84G   0.03146   0.01224   0.01223   0.05593        27       416    0.9129    0.9058    0.9507    0.7237   0.02131  0.005806  0.006829
     34/99     4.84G   0.02925   0.01203   0.01169   0.05297        18       416    0.8867    0.9136    0.9528    0.7206   0.02262  0.004987  0.005601
     35/99     4.84G   0.03019   0.01206     0.014   0.05625        19       416    0.9003    0.9405    0.9547    0.7221   0.02369  0.005141  0.005139
     36/99     4.84G   0.02818   0.01169   0.01074   0.05061        24       416    0.9161    0.9388    0.9658    0.7288    0.0194   0.00488  0.003939
     37/99     4.84G   0.02944   0.01191   0.01157   0.05291        33       416    0.8539    0.9406    0.9449     0.744    0.0204  0.004713   0.00571
     38/99     4.84G   0.02975   0.01211   0.01055    0.0524        13       416    0.9162    0.9262    0.9546    0.7384   0.02051  0.004724  0.005572
     39/99     4.84G   0.02766   0.01123   0.01183   0.05072        14       416    0.9239    0.9401    0.9633     0.741   0.02533  0.004838  0.005111
     40/99     4.84G   0.02798   0.01146   0.01108   0.05052        39       416     0.912    0.9269     0.963    0.7582   0.01966  0.004718  0.004672
     41/99     4.84G   0.02772   0.01133  0.008369   0.04742        24       416    0.8881    0.9696     0.963    0.7302   0.02143   0.00476  0.003656
     42/99     4.84G   0.02745   0.01084  0.009136   0.04742        33       416    0.9285    0.9625    0.9901    0.7919   0.01899  0.004309  0.002959
     43/99     4.84G   0.02618    0.0112  0.008237   0.04562        43       416    0.9624    0.9463    0.9746    0.7612   0.02003  0.004616  0.003295
     44/99     4.84G   0.02645   0.01115  0.008753   0.04635        27       416    0.9575    0.9512    0.9787    0.7903   0.01856  0.004273  0.003814
     45/99     4.84G   0.02625   0.01105  0.008332   0.04563        17       416    0.9145    0.9585     0.973    0.7858   0.01988  0.004184  0.004269
     46/99     4.84G   0.02537   0.01026   0.00679   0.04242        29       416    0.9468    0.9426    0.9806    0.7626   0.01956  0.004573  0.002681
     47/99     4.84G   0.02536   0.01066     0.007   0.04302        14       416      0.92    0.9632    0.9696    0.7769   0.01918  0.004386  0.003261
     48/99     4.84G   0.02494  0.009808  0.006538   0.04128        22       416    0.9454    0.9514    0.9718     0.764   0.01883  0.004374  0.002962
     49/99     4.84G   0.02485  0.009944  0.007056   0.04185        15       416      0.98    0.9682    0.9828    0.7915   0.01867   0.00447  0.002629
     50/99     4.84G   0.02414   0.01034  0.005912    0.0404        20       416    0.9029    0.9799    0.9798    0.7893   0.01841  0.004148  0.003294
     51/99     4.84G   0.02412  0.009725  0.005946   0.03979        11       416    0.9549    0.9833    0.9855    0.8002   0.01802  0.004176  0.003168
     52/99     4.84G   0.02357   0.01014  0.006379   0.04009        20       416    0.9653    0.9527     0.978    0.7833   0.01787  0.004134  0.003233
     53/99     4.84G   0.02289  0.009814  0.005976   0.03868        30       416    0.9678    0.9692    0.9827     0.799   0.01764  0.004112  0.003317
     54/99     4.84G   0.02284  0.009665  0.005775   0.03828        22       416    0.9725    0.9759    0.9912    0.8114    0.0176  0.004018   0.00277
     55/99     4.84G   0.02254  0.009489  0.005758   0.03779        17       416    0.9449     0.964    0.9823     0.806   0.01737  0.004097  0.002532
     56/99     4.84G   0.02238  0.009432   0.00538   0.03719        36       416    0.9097    0.9763    0.9758    0.8109   0.01694  0.004137  0.002589
     57/99     4.84G   0.02288   0.01017  0.005463   0.03851        41       416    0.9543    0.9783    0.9819    0.8251   0.01682  0.004056  0.002733
     58/99     4.84G    0.0212  0.009235  0.005468   0.03591        22       416    0.9446     0.959     0.972    0.7913   0.01716  0.004103  0.002955
     59/99     4.84G    0.0231  0.009384  0.006166   0.03865        26       416    0.9609     0.982    0.9879    0.8078   0.01854   0.00406  0.002668
     60/99     4.84G   0.02169   0.00946  0.005697   0.03685        35       416    0.9513    0.9799    0.9857     0.825    0.0166  0.003907  0.002713
     61/99     4.84G   0.02137  0.008618  0.005302   0.03529        20       416    0.9779      0.96    0.9865    0.8259   0.01696  0.004174  0.002712
     62/99     4.84G   0.02101  0.009311   0.00528    0.0356        35       416    0.9689     0.956    0.9823    0.8192   0.01699  0.004029  0.002971
     63/99     4.84G   0.02081  0.009045  0.005351    0.0352        24       416    0.9656    0.9699    0.9839    0.8282   0.01667     0.004  0.002148
     64/99     4.84G   0.02083   0.00883  0.005011   0.03467        17       416    0.9538    0.9785    0.9824    0.8133   0.01681     0.004  0.002197
     65/99     4.84G   0.02039  0.008804   0.00522   0.03441        23       416    0.9317    0.9897    0.9829    0.8233   0.01753  0.004062  0.001854
     66/99     4.84G   0.02032  0.008925  0.005006   0.03426        30       416    0.9523    0.9754    0.9833    0.8214   0.01596  0.004075  0.002334
     67/99     4.84G   0.02038  0.008878   0.00477   0.03402        28       416    0.9659    0.9752    0.9854    0.8147   0.01716  0.003841  0.002288
     68/99     4.84G    0.0198  0.008471  0.004915   0.03318        22       416    0.9729    0.9801    0.9835    0.8206   0.01613  0.003842  0.002209
     69/99     4.84G    0.0192  0.008857  0.004166   0.03222        24       416    0.9685    0.9837    0.9885    0.8396    0.0157  0.003907  0.001839
     70/99     4.84G   0.02017  0.008968  0.005059    0.0342        28       416    0.9682    0.9632    0.9774    0.8178   0.01704  0.003866  0.001771
     71/99     4.84G   0.01954  0.008748  0.003945   0.03223        26       416    0.9701    0.9666    0.9712    0.8263   0.01626  0.003885  0.002307
     72/99     4.84G   0.01955  0.008539  0.005131   0.03322        21       416     0.972    0.9618    0.9775    0.8377   0.01507  0.003828  0.002167
     73/99     4.84G   0.01843   0.00876  0.004561   0.03175        24       416    0.9744    0.9647    0.9791    0.8306   0.01513   0.00377  0.002485
     74/99     4.84G   0.01849  0.008629  0.003922   0.03104        23       416    0.9627    0.9655    0.9788    0.8335   0.01518  0.003845  0.002579
     75/99     4.84G   0.01908  0.008623  0.004081   0.03179        16       416    0.9692    0.9711    0.9858    0.8342   0.01625  0.003772  0.002282
     76/99     4.84G   0.01893  0.008515  0.003928   0.03138        23       416    0.9737    0.9706    0.9843    0.8384   0.01505  0.003679  0.002378
     77/99     4.84G   0.01832  0.008368  0.004183   0.03087        36       416    0.9663    0.9597    0.9708    0.8262   0.01627  0.003974  0.002853
     78/99     4.84G   0.01787  0.008418  0.003648   0.02994        26       416     0.966    0.9635    0.9746    0.8376   0.01535  0.003872  0.002328
     79/99     4.84G   0.01759  0.008618  0.003998   0.03021        22       416     0.973    0.9653    0.9741     0.841   0.01422  0.003782  0.002393
     80/99     4.84G   0.01767  0.008504  0.003577   0.02975        27       416    0.9685    0.9644    0.9744    0.8316   0.01421   0.00383  0.002449
     81/99     4.84G   0.01757  0.008261  0.003716   0.02955        17       416    0.9703    0.9658    0.9803    0.8445   0.01423  0.003801  0.002607
     82/99     4.84G   0.01718  0.008345  0.003095   0.02862        21       416    0.9698     0.962    0.9749    0.8305   0.01525  0.003866  0.002688
     83/99     4.84G     0.017  0.007863  0.003847   0.02871        26       416    0.9716    0.9575    0.9792    0.8263   0.01573  0.003942  0.002541
     84/99     4.84G   0.01682  0.007821  0.003745   0.02838        21       416    0.9709    0.9729    0.9833    0.8446   0.01432  0.003884   0.00214
     85/99     4.84G   0.01689  0.007471     0.003   0.02736        17       416    0.9736    0.9643    0.9833    0.8382   0.01454  0.003823   0.00199
     86/99     4.84G   0.01772  0.008288  0.003798    0.0298        26       416    0.9717     0.962    0.9785    0.8436   0.01377  0.003695  0.002254
     87/99     4.84G   0.01684  0.008278  0.003318   0.02844        21       416    0.9678    0.9777    0.9817    0.8481   0.01387  0.003767  0.002487
     88/99     4.84G   0.01696  0.007601  0.003465   0.02802        24       416    0.9701    0.9753    0.9831    0.8456   0.01407  0.003757  0.002561
     89/99     4.84G   0.01648  0.008002  0.003347   0.02783        18       416    0.9684    0.9643    0.9817     0.849   0.01376  0.003747  0.002454
     90/99     4.84G    0.0166  0.007976  0.003282   0.02786        27       416    0.9721    0.9774    0.9866    0.8429   0.01447  0.003677  0.002461
     91/99     4.84G   0.01606  0.007964  0.003155   0.02717        23       416     0.966    0.9781    0.9782    0.8447   0.01385  0.003742  0.002442
     92/99     4.84G   0.01664  0.007908  0.003432   0.02798        19       416    0.9674     0.965    0.9785    0.8386   0.01395  0.003824  0.002471
     93/99     4.84G    0.0166  0.008029  0.003153   0.02778        21       416    0.9682    0.9695    0.9824    0.8438   0.01378  0.003629  0.002605
     94/99     4.84G   0.01585  0.007737   0.00286   0.02645        20       416    0.9653    0.9719    0.9823    0.8505   0.01352  0.003619  0.002447
     95/99     4.84G   0.01614  0.007492  0.002901   0.02654        24       416    0.9651    0.9699    0.9813    0.8511   0.01361  0.003625  0.002429
     96/99     4.84G   0.01569    0.0076  0.002874   0.02616        29       416    0.9776    0.9692    0.9851    0.8502   0.01383  0.003595  0.002464
     97/99     4.84G   0.01593   0.00781  0.003425   0.02716        25       416    0.9673    0.9738    0.9881    0.8491   0.01378  0.003583  0.002382
     98/99     4.84G   0.01546  0.007818  0.002795   0.02607        25       416    0.9674    0.9706    0.9814    0.8505   0.01369  0.003682  0.002326
     99/99     4.84G   0.01599  0.008027  0.003413   0.02743        23       416    0.9685    0.9739    0.9862    0.8522   0.01352  0.003675  0.002279
