      0/99    0.468G   0.07554    0.0284   0.04942    0.1534         4       416     0.236    0.4012    0.2352    0.1002   0.03688   0.01297   0.03768
      1/99    0.468G   0.05427   0.02451   0.04404    0.1228         3       416    0.2031     0.566    0.2747    0.0856   0.04094  0.009346   0.03191
      2/99    0.468G   0.05721   0.01982   0.03705    0.1141        11       416    0.3794    0.6542     0.518    0.1612   0.04603  0.008205   0.02289
      3/99    0.468G   0.05808   0.01998   0.02908    0.1071         9       416    0.6409    0.7575    0.7518    0.3073    0.0377  0.007462   0.01333
      4/99    0.468G   0.05213   0.01916   0.02134   0.09263         5       416    0.6736    0.7854    0.7679    0.3986   0.03324  0.007537  0.009074
      5/99    0.468G   0.04665   0.01925   0.01823   0.08413        10       416    0.7874    0.8956    0.8924    0.4913   0.02747   0.00746  0.006558
      6/99    0.468G   0.04446   0.01806   0.01409    0.0766         7       416    0.8276    0.8942    0.9152    0.4999   0.02845  0.007387  0.004942
      7/99    0.468G   0.04365   0.01822   0.01311   0.07499         7       416    0.8615    0.8965    0.9171    0.5105   0.02777   0.00736  0.004432
      8/99    0.468G   0.04049   0.01808   0.01288   0.07145         3       416     0.876    0.8988    0.9295    0.6014   0.02429  0.007351  0.003249
      9/99    0.468G   0.03841    0.0177   0.01096   0.06708         9       416    0.9207    0.9267    0.9632    0.6814   0.02251  0.006865  0.003414
     10/99    0.468G   0.03832   0.01743   0.01011   0.06586         7       416    0.9715     0.921    0.9717    0.6715   0.02136  0.006834  0.002654
     11/99    0.468G   0.03562   0.01693  0.009592   0.06214        11       416    0.9508    0.9406    0.9715    0.6603   0.02208  0.006649  0.002525
     12/99    0.468G   0.03788   0.01785  0.009927   0.06565        12       416    0.9495    0.9318    0.9738    0.6998   0.02276  0.006808   0.00299
     13/99    0.468G   0.03748   0.01711  0.009256   0.06385        14       416    0.9613    0.9394    0.9725    0.7183    0.0206  0.006415   0.00234
     14/99    0.468G   0.03361    0.0172  0.008929   0.05974         6       416    0.9612    0.9387    0.9777    0.7138   0.01944  0.006464  0.002343
     15/99    0.468G   0.03338   0.01714  0.008307   0.05882         4       416    0.9185    0.9285     0.959     0.722   0.01826  0.006612  0.002574
     16/99    0.468G   0.03048    0.0171   0.00725   0.05482         4       416    0.9813    0.9437    0.9809    0.7548   0.01684  0.006044  0.002259
     17/99    0.468G   0.03016   0.01602  0.007506   0.05368         8       416      0.98    0.9457    0.9836    0.7457    0.0169  0.005831  0.002523
     18/99    0.468G   0.02811   0.01596  0.007847   0.05192         7       416     0.934    0.9629    0.9772     0.743   0.01641  0.005748   0.00279
     19/99    0.468G   0.03066   0.01698  0.007562   0.05521        12       416    0.9567    0.9353    0.9752    0.7395     0.018  0.006595  0.002042
     20/99    0.468G   0.03002   0.01715  0.007442   0.05461         8       416    0.9873    0.9653    0.9837    0.7126   0.01735  0.005734  0.001509
     21/99    0.468G   0.02887   0.01643  0.006935   0.05223         5       416     0.979    0.9667    0.9817     0.759    0.0158  0.005679   0.00242
     22/99    0.468G   0.02734   0.01575  0.006023   0.04911         3       416    0.9406    0.9585    0.9741    0.7586   0.01758  0.005804   0.00194
     23/99    0.468G   0.02673   0.01609  0.006107   0.04893         7       416    0.9897    0.9707    0.9876    0.7762   0.01472  0.005423  0.001777
     24/99    0.468G   0.02654   0.01573  0.005457   0.04772         4       416    0.9846    0.9644    0.9868    0.7778   0.01455  0.005698  0.001782
     25/99    0.468G   0.02598   0.01536  0.005681   0.04702        10       416    0.9393    0.9547    0.9792     0.759   0.01593  0.005731  0.001484
     26/99    0.468G   0.02603   0.01519  0.006505   0.04772         4       416    0.9873    0.9542    0.9836    0.7958   0.01373  0.005613  0.001989
     27/99    0.468G   0.02441   0.01475  0.004821   0.04399         7       416    0.9813    0.9628    0.9886    0.7617   0.01447   0.00537  0.001571
     28/99    0.468G   0.02689   0.01533   0.00533   0.04755         9       416    0.9822     0.973    0.9893    0.7816    0.0149  0.005262  0.001335
     29/99    0.468G   0.02631   0.01571  0.004671    0.0467         5       416    0.9855    0.9569    0.9838    0.7764   0.01399   0.00525  0.001689
     30/99    0.468G   0.02501   0.01501  0.004422   0.04444         8       416    0.9915    0.9606    0.9889    0.8066    0.0136  0.005222  0.001363
     31/99    0.468G   0.02448   0.01484  0.004989   0.04432         9       416    0.9856    0.9609    0.9855    0.8113   0.01337   0.00519  0.001985
     32/99    0.468G   0.02451   0.01462  0.004256   0.04338         7       416    0.9937    0.9586    0.9901    0.8211   0.01294  0.005073  0.001544
     33/99    0.468G   0.02361   0.01443  0.004249    0.0423         6       416    0.9859    0.9624    0.9909    0.8118   0.01314  0.004908  0.001398
     34/99    0.468G     0.024   0.01475  0.005243     0.044         8       416    0.9947     0.958     0.989    0.7956   0.01378  0.005046  0.001438
     35/99    0.468G   0.02425   0.01445  0.004451   0.04315         5       416    0.9799    0.9854    0.9896    0.8181   0.01318  0.005031  0.001367
     36/99    0.468G   0.02336   0.01405  0.003847   0.04125        10       416    0.9781    0.9793    0.9877    0.7832   0.01555   0.00514  0.001285
     37/99    0.468G   0.02389   0.01435  0.004412   0.04265         5       416    0.9788    0.9812    0.9887     0.826   0.01256  0.004764  0.001583
     38/99    0.468G   0.02251    0.0137  0.004054   0.04027         8       416    0.9935     0.969     0.986      0.81   0.01451  0.004906  0.001254
     39/99    0.468G   0.02274   0.01435  0.003669   0.04076         6       416    0.9813      0.98    0.9891    0.8284   0.01304  0.004864  0.001246
     40/99    0.468G    0.0223   0.01435  0.004148    0.0408         3       416    0.9764    0.9659     0.987    0.8192   0.01283  0.004997  0.001466
     41/99    0.468G   0.02223   0.01436  0.004091   0.04068        10       416    0.9859    0.9748    0.9876    0.8129   0.01245  0.004987  0.001153
     42/99    0.468G   0.02182   0.01429  0.004549   0.04065         6       416    0.9951    0.9783    0.9903    0.8348   0.01215  0.004747  0.001391
     43/99    0.468G   0.02155   0.01346  0.003178   0.03818         5       416    0.9932    0.9831    0.9889    0.8358   0.01189  0.004603  0.001006
     44/99    0.468G   0.02143   0.01404  0.003467   0.03893         9       416    0.9941    0.9658    0.9896    0.8362   0.01201  0.004705  0.001268
     45/99    0.468G   0.02084   0.01353  0.002853   0.03722         4       416     0.994    0.9664    0.9867    0.8317   0.01305  0.004622  0.001121
     46/99    0.468G   0.02194   0.01382   0.00352   0.03928         3       416    0.9926    0.9797    0.9891    0.8299   0.01176  0.004596  0.001033
     47/99    0.468G   0.02091   0.01312  0.003415   0.03745         4       416    0.9904    0.9657    0.9886    0.8323    0.0116  0.004677  0.001114
     48/99    0.468G   0.02007   0.01309  0.003042   0.03621         8       416     0.987    0.9705    0.9901     0.846   0.01164  0.004675 0.0009409
     49/99    0.468G   0.02078   0.01345  0.003654   0.03788         9       416    0.9936    0.9731    0.9908    0.8361   0.01112   0.00451  0.000998
     50/99    0.468G   0.02013   0.01348  0.004002   0.03761        13       416    0.9903    0.9784    0.9901    0.8412    0.0113  0.004526  0.001075
     51/99    0.468G   0.02021   0.01363  0.004693   0.03853        11       416    0.9995    0.9656    0.9914    0.8333   0.01113  0.004591  0.001208
     52/99    0.468G   0.02047   0.01385  0.004058   0.03838         5       416    0.9902    0.9739    0.9929    0.8304    0.0117  0.004657  0.001011
     53/99    0.468G   0.01923   0.01301  0.003963    0.0362         1       416    0.9936    0.9737     0.991    0.8195   0.01146  0.004691  0.001146
     54/99    0.468G   0.02006   0.01304   0.00293   0.03603         9       416    0.9861    0.9768    0.9891    0.8429    0.0105    0.0045  0.001055
     55/99    0.468G   0.02044    0.0132  0.003557    0.0372         5       416    0.9881    0.9778    0.9899    0.8444   0.01072  0.004419  0.001063
     56/99    0.468G   0.01905   0.01284  0.003493   0.03538         4       416    0.9958    0.9768    0.9901    0.8608   0.01013  0.004385 0.0009846
     57/99    0.468G    0.0191   0.01297  0.002894   0.03496         8       416     0.991    0.9753    0.9901    0.8471   0.01029  0.004343 0.0008663
     58/99    0.468G   0.01948   0.01238  0.002807   0.03466         4       416    0.9921    0.9787    0.9892    0.8472   0.01091  0.004348  0.000925
     59/99    0.468G   0.01919    0.0127  0.003066   0.03496         4       416    0.9988    0.9773    0.9899    0.8613    0.0102  0.004231 0.0008946
     60/99    0.468G   0.01887   0.01269   0.00323   0.03479        12       416    0.9909    0.9869    0.9903     0.865   0.01012  0.004174 0.0008324
     61/99    0.468G   0.01848   0.01227   0.00284   0.03359        10       416    0.9831    0.9824    0.9907     0.861   0.01021  0.004181  0.000683
     62/99    0.468G   0.01869   0.01313  0.003022   0.03484         9       416    0.9836    0.9811    0.9904    0.8653   0.01002  0.004214 0.0006098
     63/99    0.468G   0.01818   0.01227  0.003334   0.03379         7       416    0.9922    0.9798    0.9923    0.8614  0.009995  0.004236 0.0007558
     64/99    0.468G   0.01804   0.01297  0.002265   0.03328        16       416    0.9927    0.9744    0.9907    0.8733  0.009539  0.004066 0.0008212
     65/99    0.468G   0.01834   0.01226  0.002315   0.03291        10       416    0.9803    0.9837    0.9891     0.871  0.009343  0.004054 0.0006931
     66/99    0.468G   0.01759   0.01279  0.002582   0.03296         4       416    0.9917    0.9737    0.9909    0.8689   0.00951  0.004116 0.0007001
     67/99    0.468G   0.01765   0.01244  0.002278   0.03237         3       416    0.9884    0.9816    0.9908    0.8553  0.009733  0.004145 0.0007381
     68/99    0.468G   0.01765   0.01238  0.002588   0.03262         7       416     0.988    0.9859    0.9912    0.8714  0.009381  0.003982  0.000728
     69/99    0.468G   0.01711   0.01169  0.001922   0.03073         3       416    0.9891    0.9851    0.9911    0.8748  0.009585  0.004035  0.000703
     70/99    0.468G   0.01688   0.01152  0.002244   0.03064         4       416    0.9895     0.989    0.9911    0.8768   0.00922  0.004043 0.0006411
     71/99    0.468G    0.0172   0.01202  0.002405   0.03163         9       416    0.9919    0.9865    0.9912     0.881  0.009261  0.004005 0.0006502
     72/99    0.468G   0.01695   0.01223  0.002372   0.03155         5       416    0.9897    0.9871    0.9921    0.8704  0.009545  0.004037 0.0005568
     73/99    0.468G   0.01719   0.01211  0.001934   0.03123         8       416    0.9897    0.9831    0.9925    0.8828    0.0091  0.003899 0.0005484
     74/99    0.468G   0.01681   0.01206  0.001501   0.03037         5       416    0.9934    0.9831    0.9932    0.8774  0.009016  0.003905 0.0005467
     75/99    0.468G   0.01652   0.01228  0.001675   0.03048         4       416     0.994    0.9825    0.9921    0.8776  0.008962  0.003934 0.0004979
     76/99    0.468G   0.01681   0.01199  0.002009    0.0308         9       416    0.9896    0.9849    0.9923    0.8825  0.009628    0.0039 0.0005076
     77/99    0.468G    0.0162   0.01132   0.00148   0.02899         8       416    0.9914    0.9852    0.9914    0.8866  0.008858  0.003766 0.0004876
     78/99    0.468G   0.01577   0.01097  0.001518   0.02826         6       416    0.9941    0.9815    0.9912    0.8855  0.008924  0.003775 0.0004949
     79/99    0.468G   0.01603   0.01122  0.001496   0.02875         5       416    0.9941    0.9817    0.9922    0.8862  0.008866  0.003753 0.0004552
     80/99    0.468G   0.01607   0.01136  0.001798   0.02923         4       416    0.9933    0.9846    0.9921    0.8867  0.008653  0.003767 0.0004789
     81/99    0.468G   0.01613   0.01109  0.001726   0.02895         8       416    0.9943     0.987     0.992    0.8924  0.008582  0.003691 0.0005099
     82/99    0.468G    0.0152   0.01102   0.00183   0.02805        12       416    0.9954    0.9861    0.9916    0.8873  0.008518  0.003683 0.0004803
     83/99    0.468G   0.01536   0.01103  0.001684   0.02807         8       416    0.9968    0.9832    0.9916    0.8886  0.008564  0.003757  0.000487
     84/99    0.468G   0.01561    0.0115  0.001596   0.02871         9       416    0.9894    0.9869     0.992    0.8896  0.008579  0.003684 0.0005502
     85/99    0.468G   0.01541   0.01115  0.001772   0.02833         2       416    0.9912    0.9853     0.992    0.8927  0.008531  0.003696 0.0005158
     86/99    0.468G   0.01508   0.01098   0.00207   0.02814         7       416    0.9947     0.976     0.992    0.8954   0.00837  0.003644 0.0005059
     87/99    0.468G   0.01543   0.01133  0.002132    0.0289         8       416    0.9827    0.9924    0.9919    0.8923  0.008362   0.00365 0.0004658
     88/99    0.468G   0.01572   0.01159  0.002141   0.02945         5       416    0.9952    0.9865    0.9921    0.8959  0.008293  0.003706 0.0004327
     89/99    0.468G   0.01548   0.01098  0.001507   0.02796         4       416    0.9956    0.9862    0.9919    0.8934  0.008269  0.003723 0.0004281
     90/99    0.468G   0.01501   0.01117  0.001242   0.02743         8       416    0.9931     0.986    0.9915    0.8934   0.00826  0.003741 0.0003901
     91/99    0.468G    0.0153   0.01144  0.001281   0.02803         6       416    0.9941    0.9897    0.9919    0.8949  0.008109  0.003638 0.0003526
     92/99    0.468G   0.01524   0.01117  0.001746   0.02816        11       416    0.9945    0.9864    0.9918    0.9046  0.008123  0.003603 0.0003823
     93/99    0.468G   0.01512   0.01119  0.001478   0.02779         4       416    0.9949    0.9886    0.9912    0.8998  0.008083  0.003622 0.0003567
     94/99    0.468G   0.01519   0.01091  0.001686   0.02778         8       416    0.9955    0.9892    0.9919    0.9004  0.007978  0.003608  0.000366
     95/99    0.468G   0.01505   0.01091  0.001909   0.02787         4       416    0.9979    0.9896     0.992     0.901  0.007826   0.00356 0.0003634
     96/99    0.468G   0.01454   0.01081  0.001285   0.02664         2       416    0.9978    0.9876    0.9919    0.9018  0.008047  0.003607 0.0003489
     97/99    0.468G   0.01426   0.01036  0.001461   0.02609         7       416    0.9988    0.9868    0.9924     0.897  0.008032  0.003583 0.0003264
     98/99    0.468G   0.01464   0.01109   0.00135   0.02708        10       416    0.9985    0.9862    0.9925    0.9037  0.008041   0.00359 0.0003119
     99/99    0.468G   0.01468   0.01086  0.001344   0.02688         7       416    0.9928    0.9876    0.9911    0.9007  0.007965   0.00352  0.000329
